

Seed = 100 
Population Size = 100 
Generations = 150 
Fitness = (17.87253498044439, -0.010156788671431004, 0.4921298858256668, 0.0572164440599272)
Allocation:
[9, 3, 0, 0, 3, 0, 0, 0, 0, 0, 0, 0, 0, 1, 0, 0, 0, 0, 0, 0, 2, 0, 0, 0, 1, 0, 0, 0, 0, 0, 0, 7, 0, 0, 0, 0, 0, 0, 0, 0, 4, 0, 1, 6, 0, 0, 0, 0, 0, 0, 0, 6, 5, 5, 7, 0]
Fitness = (16.531344157434287, -0.011014683701723593, 0.4921298858256668, 0.0573362519886776)
Allocation:
[9, 1, 3, 0, 0, 0, 0, 0, 0, 0, 0, 0, 0, 1, 0, 0, 0, 0, 0, 0, 1, 0, 0, 0, 0, 0, 0, 0, 0, 0, 0, 7, 3, 1, 0, 0, 8, 2, 0, 0, 4, 0, 0, 3, 0, 0, 0, 1, 0, 0, 0, 4, 0, 5, 4, 0]
Fitness = (14.919457376138002, -0.01014384378131347, 0.50330853142622, 0.0572080112342457)
Allocation:
[9, 1, 3, 0, 3, 0, 0, 0, 1, 0, 0, 1, 0, 0, 0, 0, 1, 0, 2, 0, 1, 0, 0, 0, 0, 1, 0, 0, 0, 0, 0, 7, 0, 0, 0, 0, 0, 0, 0, 0, 4, 0, 0, 3, 0, 0, 0, 0, 0, 0, 0, 4, 0, 5, 4, 0]
Fitness = (18.292432529663106, -0.010315724572531718, 0.50330853142622, 0.0569099557087213)
Allocation:
[9, 1, 3, 0, 3, 0, 0, 0, 1, 0, 0, 0, 0, 0, 0, 0, 0, 0, 2, 0, 1, 0, 0, 0, 4, 1, 0, 0, 0, 0, 0, 7, 0, 0, 0, 0, 0, 0, 0, 1, 4, 0, 1, 6, 0, 0, 0, 0, 0, 0, 1, 1, 1, 2, 7, 6]
Fitness = (21.46391766871035, -0.010837350381797122, 0.50330853142622, 0.0571779611851835)
Allocation:
[9, 4, 1, 0, 4, 0, 0, 0, 1, 1, 3, 0, 0, 2, 0, 0, 0, 0, 4, 1, 0, 0, 0, 0, 1, 5, 0, 1, 0, 0, 0, 5, 3, 0, 0, 0, 0, 0, 0, 0, 4, 0, 1, 6, 3, 0, 1, 0, 0, 0, 0, 6, 3, 5, 0, 0]
Fitness = (21.575059728974768, -0.010585075883914458, 0.50330853142622, 0.0571201308186705)
Allocation:
[9, 1, 1, 0, 3, 0, 1, 0, 1, 0, 0, 1, 0, 1, 0, 0, 1, 0, 0, 0, 1, 0, 0, 0, 4, 2, 0, 0, 4, 0, 0, 7, 0, 1, 0, 0, 0, 0, 0, 0, 4, 0, 1, 6, 4, 0, 0, 0, 0, 2, 0, 6, 5, 1, 7, 0]
Fitness = (14.96631260626312, -0.010454278060003567, 0.50330853142622, 0.0573114618926663)
Allocation:
[9, 2, 0, 0, 1, 0, 0, 0, 3, 1, 1, 0, 0, 1, 0, 0, 0, 0, 0, 0, 2, 0, 0, 0, 0, 0, 0, 0, 0, 0, 0, 7, 0, 0, 0, 0, 1, 2, 0, 0, 4, 0, 0, 4, 0, 0, 0, 0, 3, 0, 0, 4, 2, 0, 4, 0]
Fitness = (16.755709746434537, -0.010008311444509137, 0.4921298858256668, 0.0572164440599272)
Allocation:
[9, 3, 0, 0, 4, 0, 0, 0, 0, 0, 0, 0, 0, 1, 0, 0, 0, 0, 0, 0, 2, 0, 0, 0, 1, 0, 0, 0, 0, 0, 0, 7, 0, 0, 0, 0, 0, 0, 0, 0, 4, 0, 1, 6, 0, 0, 0, 0, 0, 1, 0, 6, 3, 1, 7, 0]
Fitness = (18.162843875381512, -0.011133391897465766, 0.4921298858256668, 0.0573362519886776)
Allocation:
[9, 0, 3, 0, 3, 0, 0, 0, 0, 0, 1, 2, 0, 1, 0, 0, 0, 1, 0, 4, 1, 1, 0, 0, 0, 0, 0, 0, 0, 0, 0, 7, 3, 1, 0, 0, 8, 2, 0, 0, 4, 0, 0, 3, 0, 0, 0, 0, 0, 0, 0, 1, 0, 5, 3, 0]
Fitness = (20.166187663413986, -0.010558041167838416, 0.4950931204411457, 0.0572080112342457)
Allocation:
[9, 1, 3, 1, 3, 0, 0, 0, 0, 4, 1, 0, 0, 0, 0, 1, 0, 0, 2, 0, 1, 0, 0, 0, 1, 3, 0, 0, 0, 0, 0, 7, 1, 0, 0, 0, 2, 0, 0, 0, 4, 0, 1, 6, 0, 0, 0, 0, 0, 1, 0, 6, 3, 1, 7, 0]
Fitness = (19.598866679277748, -0.010543209131838026, 0.50330853142622, 0.0571779983289043)
Allocation:
[9, 1, 0, 0, 5, 0, 0, 0, 1, 1, 0, 1, 0, 1, 0, 0, 0, 1, 0, 0, 3, 0, 0, 0, 4, 1, 0, 1, 1, 0, 0, 7, 0, 0, 0, 0, 0, 0, 0, 0, 4, 0, 1, 1, 0, 0, 0, 0, 0, 2, 0, 6, 5, 5, 6, 0]
Fitness = (18.783608991609125, -0.011095727126520901, 0.50330853142622, 0.0573121959837064)
Allocation:
[9, 0, 2, 0, 3, 0, 0, 0, 6, 0, 1, 1, 1, 2, 0, 0, 0, 2, 0, 0, 2, 1, 0, 0, 0, 0, 0, 3, 0, 1, 0, 7, 3, 1, 0, 0, 1, 0, 0, 0, 9, 0, 0, 3, 0, 0, 1, 1, 0, 0, 0, 1, 0, 0, 4, 0]
Fitness = (20.744986901825502, -0.01061354554490229, 0.50330853142622, 0.0572350975092346)
Allocation:
[9, 0, 0, 0, 2, 0, 0, 0, 2, 0, 1, 0, 0, 1, 0, 0, 0, 0, 0, 0, 2, 0, 0, 0, 0, 1, 0, 0, 0, 0, 0, 7, 0, 1, 0, 0, 8, 1, 0, 0, 4, 0, 1, 6, 0, 0, 0, 0, 2, 0, 0, 6, 5, 5, 7, 0]
Fitness = (18.405726360297052, -0.011031167145864237, 0.50330853142622, 0.0573121959837064)
Allocation:
[9, 0, 3, 0, 1, 0, 0, 0, 6, 0, 1, 1, 0, 8, 0, 0, 0, 1, 0, 0, 0, 2, 0, 0, 0, 0, 0, 3, 0, 2, 0, 7, 0, 0, 0, 0, 8, 0, 0, 0, 4, 0, 0, 3, 0, 0, 0, 1, 0, 0, 0, 4, 0, 0, 0, 0]
Fitness = (9.274988492742109, -0.010292199804424225, 0.4950931204411457, 0.0573660328189897)
Allocation:
[3, 0, 0, 0, 0, 0, 0, 0, 0, 0, 0, 0, 0, 1, 0, 0, 0, 0, 0, 0, 0, 0, 0, 0, 0, 2, 0, 0, 0, 0, 0, 5, 2, 0, 0, 0, 0, 0, 0, 0, 9, 0, 0, 3, 0, 0, 1, 0, 0, 0, 0, 1, 0, 0, 4, 0]
Fitness = (18.86317031775, -0.010377613740373942, 0.50330853142622, 0.0571779983289043)
Allocation:
[9, 1, 0, 0, 5, 0, 0, 0, 1, 1, 0, 1, 0, 1, 0, 0, 0, 1, 0, 0, 3, 0, 0, 0, 0, 0, 0, 2, 1, 0, 0, 7, 0, 0, 0, 0, 0, 0, 0, 0, 4, 0, 1, 6, 0, 0, 0, 0, 0, 3, 0, 6, 3, 1, 7, 0]
Fitness = (16.35898840828948, -0.010595862622498836, 0.50330853142622, 0.0573121959837064)
Allocation:
[9, 0, 3, 0, 3, 0, 0, 0, 6, 0, 2, 3, 0, 1, 0, 0, 0, 1, 0, 0, 1, 0, 0, 0, 0, 0, 0, 0, 0, 0, 0, 7, 0, 1, 0, 0, 8, 2, 0, 0, 4, 0, 0, 4, 0, 0, 0, 0, 0, 0, 0, 0, 0, 0, 1, 0]
Fitness = (18.04986815975661, -0.010776313295623135, 0.50330853142622, 0.0573114618926663)
Allocation:
[9, 1, 2, 0, 5, 0, 0, 0, 4, 0, 0, 0, 0, 1, 0, 0, 0, 0, 0, 0, 1, 0, 0, 0, 0, 0, 0, 0, 0, 0, 0, 7, 3, 2, 0, 0, 8, 2, 0, 0, 4, 0, 0, 4, 0, 0, 0, 0, 2, 0, 0, 1, 2, 0, 4, 0]
Fitness = (10.595887675058272, -0.011502403470920209, 0.4921298858256668, 0.0573870128118738)
Allocation:
[9, 0, 3, 0, 0, 0, 0, 0, 0, 0, 0, 0, 6, 1, 0, 0, 0, 0, 0, 0, 1, 0, 0, 0, 0, 0, 0, 0, 0, 0, 0, 2, 3, 1, 0, 0, 0, 1, 0, 0, 2, 0, 0, 6, 0, 0, 0, 0, 0, 0, 0, 1, 0, 0, 1, 0]
Fitness = (13.715608669860163, -0.010189036853019938, 0.50330853142622, 0.0573121959837064)
Allocation:
[9, 1, 0, 0, 5, 0, 0, 0, 1, 1, 0, 1, 0, 0, 0, 0, 0, 1, 0, 0, 3, 0, 0, 0, 0, 1, 0, 1, 0, 1, 0, 7, 0, 0, 0, 0, 0, 0, 0, 0, 4, 0, 0, 4, 0, 0, 0, 0, 0, 0, 0, 5, 0, 0, 1, 0]
Fitness = (21.850770515858244, -0.010707236747242964, 0.50330853142622, 0.0571645853641833)
Allocation:
[9, 1, 3, 0, 4, 0, 0, 0, 3, 0, 4, 0, 0, 2, 0, 1, 0, 2, 1, 0, 1, 0, 1, 0, 0, 5, 0, 2, 0, 1, 0, 7, 0, 0, 0, 0, 0, 0, 0, 0, 4, 0, 1, 6, 0, 0, 0, 0, 0, 0, 0, 6, 3, 1, 7, 0]
Fitness = (21.31817574810399, -0.010854628374987987, 0.50330853142622, 0.0571779983289043)
Allocation:
[9, 1, 0, 0, 5, 0, 0, 0, 1, 6, 0, 1, 0, 1, 0, 2, 0, 1, 0, 0, 3, 0, 0, 0, 0, 0, 0, 2, 3, 1, 0, 7, 0, 0, 0, 0, 1, 2, 0, 0, 1, 0, 1, 6, 0, 0, 0, 0, 0, 3, 0, 6, 3, 1, 7, 0]
Fitness = (11.96611563612893, -0.010110983025769193, 0.50330853142622, 0.0573121959837064)
Allocation:
[9, 1, 0, 0, 5, 0, 0, 0, 1, 1, 0, 1, 0, 0, 0, 0, 0, 1, 0, 0, 3, 0, 0, 0, 0, 1, 0, 0, 0, 1, 0, 7, 0, 0, 0, 0, 0, 0, 0, 0, 4, 0, 0, 4, 0, 0, 0, 0, 0, 0, 0, 0, 0, 0, 1, 0]
Fitness = (9.824229581467081, -0.010099936729769558, 0.50330853142622, 0.0573121959837064)
Allocation:
[0, 2, 0, 0, 1, 0, 0, 0, 3, 1, 1, 0, 0, 1, 0, 0, 0, 1, 0, 0, 2, 0, 0, 0, 0, 0, 0, 0, 0, 0, 0, 7, 0, 0, 0, 0, 1, 0, 0, 0, 4, 0, 0, 3, 0, 0, 0, 0, 0, 0, 0, 2, 0, 0, 4, 0]
Fitness = (21.42995900950534, -0.010734259406996332, 0.50330853142622, 0.0571779611851835)
Allocation:
[9, 0, 3, 0, 1, 0, 0, 0, 6, 0, 1, 1, 0, 8, 0, 0, 0, 1, 0, 0, 0, 2, 0, 0, 2, 0, 0, 3, 0, 0, 0, 7, 0, 0, 0, 0, 8, 0, 0, 0, 4, 0, 1, 6, 4, 0, 0, 0, 0, 1, 0, 1, 3, 2, 0, 0]
Fitness = (21.378852372377533, -0.010996695697331502, 0.4921298858256668, 0.0572350975092346)
Allocation:
[9, 0, 2, 0, 3, 0, 0, 0, 0, 0, 1, 1, 1, 2, 0, 0, 0, 2, 0, 0, 2, 1, 0, 0, 0, 0, 0, 3, 0, 1, 1, 7, 1, 0, 0, 0, 1, 0, 0, 0, 4, 0, 1, 6, 0, 0, 0, 0, 2, 0, 0, 6, 5, 5, 7, 0]
Fitness = (15.513894504320389, -0.010104772401861802, 0.4921298858256668, 0.0572350975092346)
Allocation:
[9, 0, 1, 0, 3, 0, 0, 0, 0, 1, 0, 0, 0, 0, 0, 0, 0, 0, 0, 0, 1, 0, 0, 0, 0, 0, 0, 0, 0, 0, 0, 7, 0, 1, 0, 0, 0, 0, 0, 0, 4, 0, 1, 6, 0, 0, 0, 0, 0, 1, 0, 6, 3, 1, 7, 0]
Fitness = (20.248525109881108, -0.010443056947799583, 0.50330853142622, 0.0569099557087213)
Allocation:
[9, 1, 3, 0, 3, 0, 0, 0, 1, 0, 0, 0, 0, 0, 0, 0, 1, 0, 2, 0, 1, 0, 0, 0, 0, 1, 0, 0, 0, 0, 0, 7, 0, 0, 0, 0, 0, 0, 0, 0, 3, 0, 1, 6, 4, 0, 0, 0, 2, 0, 0, 6, 5, 5, 7, 1]
Fitness = (13.300409599410127, -0.010999607802678602, 0.4950931204411457, 0.0573362519886776)
Allocation:
[9, 0, 3, 1, 0, 0, 0, 0, 0, 0, 0, 0, 0, 1, 0, 0, 0, 0, 0, 0, 1, 0, 0, 0, 0, 1, 0, 0, 0, 0, 0, 7, 3, 1, 0, 0, 8, 2, 0, 0, 1, 0, 0, 3, 0, 0, 0, 0, 0, 0, 0, 1, 0, 0, 4, 0]
Fitness = (20.475866453049377, -0.010537595315228052, 0.50330853142622, 0.057155279633971)
Allocation:
[9, 1, 4, 0, 3, 0, 0, 0, 1, 0, 0, 0, 0, 0, 0, 0, 0, 0, 3, 1, 0, 0, 0, 2, 4, 1, 0, 0, 0, 0, 0, 7, 0, 0, 0, 0, 0, 0, 0, 1, 4, 0, 1, 6, 4, 0, 0, 0, 0, 2, 0, 6, 0, 3, 7, 0]
Fitness = (14.786009037282422, -0.01032750601725334, 0.4950931204411457, 0.0573062660282686)
Allocation:
[9, 3, 0, 0, 4, 0, 0, 0, 0, 0, 2, 0, 0, 1, 0, 0, 0, 0, 0, 0, 1, 0, 0, 0, 0, 1, 1, 0, 0, 0, 0, 7, 0, 0, 0, 0, 7, 0, 0, 0, 4, 0, 0, 4, 0, 0, 0, 0, 0, 0, 0, 5, 0, 0, 1, 0]
Fitness = (14.772357177078002, -0.010437450987175302, 0.50330853142622, 0.0573121959837064)
Allocation:
[9, 1, 0, 0, 5, 0, 0, 0, 1, 1, 3, 1, 0, 0, 0, 0, 0, 1, 0, 0, 3, 0, 0, 0, 0, 1, 0, 1, 0, 1, 0, 7, 0, 0, 0, 0, 0, 0, 0, 0, 9, 0, 0, 3, 0, 0, 1, 0, 0, 0, 0, 1, 0, 0, 1, 0]
Fitness = (13.251575853874733, -0.009932079478237281, 0.50330853142622, 0.0572350975092346)
Allocation:
[0, 2, 5, 0, 3, 0, 0, 0, 1, 0, 0, 0, 0, 0, 0, 0, 0, 0, 0, 0, 0, 0, 0, 0, 0, 0, 0, 0, 0, 0, 0, 7, 0, 0, 0, 0, 0, 0, 0, 0, 4, 0, 1, 4, 0, 0, 0, 0, 0, 0, 0, 6, 0, 5, 6, 0]
Fitness = (21.35405443385138, -0.010897943305680278, 0.50330853142622, 0.0572164440599272)
Allocation:
[1, 0, 3, 1, 1, 0, 0, 0, 6, 0, 1, 1, 0, 1, 0, 0, 0, 1, 0, 0, 0, 2, 0, 0, 1, 0, 0, 3, 0, 1, 0, 7, 0, 0, 0, 0, 8, 0, 0, 0, 4, 0, 1, 6, 0, 0, 0, 0, 2, 0, 0, 6, 5, 5, 7, 0]
Fitness = (20.60397929803984, -0.010457446033290558, 0.4950931204411457, 0.0570460211986425)
Allocation:
[9, 3, 2, 0, 3, 0, 0, 0, 0, 0, 0, 2, 0, 1, 0, 0, 0, 0, 0, 0, 2, 0, 0, 0, 1, 1, 0, 0, 0, 0, 0, 7, 0, 0, 0, 1, 0, 0, 0, 0, 4, 0, 1, 6, 0, 0, 0, 0, 1, 0, 3, 6, 5, 5, 7, 0]
Fitness = (19.221661102937574, -0.010358127181649128, 0.4950931204411457, 0.057155279633971)
Allocation:
[9, 3, 1, 0, 4, 0, 0, 0, 0, 0, 0, 1, 0, 2, 0, 2, 0, 0, 1, 0, 2, 1, 0, 2, 1, 2, 0, 0, 0, 0, 0, 7, 0, 0, 0, 0, 0, 0, 0, 0, 4, 0, 1, 6, 0, 0, 0, 0, 0, 1, 0, 6, 0, 2, 7, 0]
Fitness = (20.058778415760326, -0.010396627360251834, 0.50330853142622, 0.057155279633971)
Allocation:
[9, 3, 1, 0, 4, 0, 0, 0, 1, 0, 1, 1, 0, 9, 0, 2, 3, 0, 0, 0, 2, 0, 0, 2, 1, 2, 0, 0, 0, 0, 0, 7, 0, 0, 0, 0, 0, 0, 0, 0, 4, 0, 1, 6, 0, 0, 0, 0, 0, 0, 0, 2, 0, 5, 2, 0]
Fitness = (12.083496745485354, -0.009756889203133827, 0.50330853142622, 0.0572080112342457)
Allocation:
[1, 1, 3, 0, 3, 0, 0, 0, 1, 0, 0, 0, 0, 0, 0, 0, 0, 0, 1, 0, 1, 0, 0, 0, 0, 1, 0, 0, 0, 0, 0, 7, 0, 0, 0, 0, 0, 0, 0, 0, 4, 0, 1, 4, 0, 0, 0, 0, 0, 0, 0, 6, 0, 0, 6, 0]
Fitness = (10.166185311631553, -0.010921646917232804, 0.4950931204411457, 0.0574269887735469)
Allocation:
[0, 0, 0, 0, 0, 0, 0, 0, 0, 0, 0, 0, 0, 4, 0, 0, 0, 4, 0, 0, 1, 0, 0, 0, 0, 2, 0, 0, 0, 0, 0, 7, 0, 1, 0, 0, 0, 1, 0, 0, 9, 0, 0, 0, 0, 0, 0, 0, 5, 0, 0, 0, 0, 0, 1, 0]
Fitness = (19.164790509710766, -0.010427158061668846, 0.50330853142622, 0.0571779983289043)
Allocation:
[9, 1, 0, 0, 5, 0, 0, 0, 1, 1, 0, 1, 0, 0, 0, 0, 0, 0, 0, 0, 3, 0, 0, 0, 4, 1, 0, 1, 1, 0, 0, 7, 0, 0, 0, 0, 0, 0, 0, 0, 4, 0, 1, 6, 0, 0, 0, 0, 4, 0, 0, 6, 0, 2, 7, 0]
Fitness = (21.874325552302523, -0.010597126800153006, 0.50330853142622, 0.057155279633971)
Allocation:
[9, 3, 4, 0, 3, 0, 0, 0, 1, 0, 0, 0, 0, 3, 0, 0, 0, 0, 3, 0, 0, 0, 0, 2, 4, 1, 0, 0, 0, 0, 0, 7, 0, 0, 0, 0, 0, 1, 0, 0, 4, 0, 1, 4, 0, 0, 0, 0, 1, 2, 0, 6, 5, 5, 6, 0]
Fitness = (8.515459813565503, -0.01075208828039747, 0.4950931204411457, 0.0573870128118738)
Allocation:
[0, 0, 0, 0, 0, 0, 0, 0, 0, 0, 0, 0, 0, 4, 0, 0, 0, 4, 0, 0, 1, 0, 0, 0, 0, 2, 0, 0, 0, 0, 0, 7, 0, 1, 0, 0, 0, 1, 0, 0, 1, 0, 0, 6, 0, 0, 0, 0, 0, 0, 0, 1, 0, 0, 1, 0]
Fitness = (15.293402348345513, -0.009997387233070979, 0.50330853142622, 0.0571779611851835)
Allocation:
[1, 1, 3, 0, 3, 0, 0, 0, 1, 0, 0, 0, 0, 0, 0, 0, 0, 0, 1, 0, 6, 0, 0, 0, 0, 0, 0, 0, 0, 0, 0, 7, 0, 0, 0, 0, 0, 0, 0, 0, 4, 0, 1, 6, 1, 0, 0, 0, 1, 0, 0, 6, 0, 2, 7, 0]
Fitness = (21.24594216411044, -0.010815328303832783, 0.50330853142622, 0.0573114618926663)
Allocation:
[9, 0, 3, 0, 1, 0, 0, 0, 3, 0, 1, 1, 0, 8, 0, 0, 0, 1, 0, 0, 0, 2, 0, 0, 0, 0, 0, 0, 0, 2, 0, 7, 0, 0, 0, 0, 0, 0, 0, 0, 4, 0, 0, 6, 0, 0, 0, 0, 2, 0, 0, 6, 5, 5, 7, 0]
Fitness = (16.125327310829608, -0.011121564236567967, 0.4950931204411457, 0.0573362519886776)
Allocation:
[9, 0, 0, 0, 1, 0, 0, 0, 0, 0, 1, 0, 0, 1, 0, 0, 0, 7, 0, 0, 1, 0, 0, 0, 0, 2, 0, 1, 0, 0, 0, 7, 0, 1, 0, 0, 8, 1, 0, 0, 4, 0, 0, 3, 0, 0, 0, 0, 0, 0, 0, 1, 0, 5, 3, 0]
Fitness = (18.283819480068587, -0.010310982482068413, 0.50330853142622, 0.0572080112342457)
Allocation:
[9, 1, 4, 0, 3, 0, 0, 0, 1, 0, 0, 1, 0, 0, 0, 0, 1, 0, 2, 0, 1, 0, 0, 0, 0, 1, 0, 0, 0, 0, 0, 7, 0, 0, 0, 0, 0, 0, 0, 0, 4, 0, 0, 6, 0, 0, 0, 0, 2, 1, 0, 6, 5, 0, 7, 0]
Fitness = (13.757649698826274, -0.010938686420285898, 0.4950931204411457, 0.0573188506683122)
Allocation:
[9, 3, 0, 0, 4, 0, 0, 0, 0, 0, 0, 0, 1, 1, 0, 0, 0, 0, 0, 0, 4, 0, 0, 0, 0, 1, 0, 0, 0, 0, 2, 7, 0, 0, 0, 0, 0, 0, 0, 0, 4, 0, 0, 4, 0, 1, 0, 2, 0, 0, 0, 0, 0, 3, 1, 0]
Fitness = (16.105533544762523, -0.010139523090594476, 0.50330853142622, 0.0571380345274002)
Allocation:
[9, 1, 4, 0, 3, 0, 0, 0, 1, 0, 0, 1, 0, 0, 0, 0, 1, 0, 2, 0, 1, 0, 0, 0, 0, 1, 0, 0, 0, 0, 0, 7, 0, 0, 0, 0, 0, 0, 0, 0, 4, 0, 1, 6, 0, 0, 0, 0, 0, 0, 1, 2, 0, 2, 7, 0]
Fitness = (19.087469368328048, -0.010091420349500986, 0.4921298858256668, 0.0571380345274002)
Allocation:
[9, 3, 6, 0, 3, 0, 0, 0, 0, 0, 0, 0, 0, 3, 0, 0, 0, 0, 0, 0, 2, 0, 0, 0, 1, 0, 0, 0, 0, 0, 0, 7, 0, 0, 0, 0, 0, 0, 0, 0, 4, 0, 1, 6, 0, 0, 0, 0, 0, 1, 1, 6, 3, 1, 7, 0]
Fitness = (9.655829038716204, -0.009722266744217088, 0.50330853142622, 0.0569786141087353)
Allocation:
[0, 1, 3, 0, 3, 0, 0, 0, 2, 0, 0, 0, 0, 0, 0, 0, 0, 0, 0, 0, 1, 0, 0, 0, 0, 1, 0, 0, 0, 0, 0, 10, 0, 0, 1, 0, 0, 0, 1, 0, 4, 0, 0, 1, 0, 0, 0, 0, 0, 0, 0, 4, 0, 0, 0, 0]
Fitness = (18.469453043436165, -0.010522051407387894, 0.50330853142622, 0.0572080112342457)
Allocation:
[9, 0, 0, 0, 2, 0, 0, 0, 2, 0, 0, 0, 0, 1, 0, 0, 1, 0, 0, 0, 1, 0, 0, 0, 0, 1, 0, 0, 0, 0, 0, 7, 0, 1, 0, 0, 8, 1, 0, 0, 4, 0, 1, 6, 0, 0, 0, 0, 0, 3, 0, 6, 1, 1, 7, 0]
Fitness = (18.29275096467234, -0.010423812170096391, 0.4950931204411457, 0.0572080112342457)
Allocation:
[9, 1, 0, 0, 3, 0, 0, 0, 0, 0, 0, 1, 0, 0, 0, 0, 0, 0, 2, 0, 1, 1, 0, 0, 0, 2, 0, 0, 0, 0, 0, 7, 0, 0, 0, 0, 0, 0, 0, 0, 4, 0, 0, 6, 0, 0, 0, 0, 2, 0, 0, 6, 5, 5, 7, 0]
Fitness = (21.6339435895658, -0.01114003336141902, 0.50330853142622, 0.0573121959837064)
Allocation:
[9, 0, 2, 0, 5, 0, 0, 4, 4, 0, 0, 0, 0, 0, 0, 0, 0, 0, 0, 0, 1, 0, 0, 0, 0, 0, 0, 1, 0, 0, 0, 7, 3, 2, 0, 0, 8, 2, 0, 0, 1, 0, 0, 6, 0, 0, 0, 0, 2, 0, 0, 6, 0, 5, 7, 0]
Fitness = (12.817719933543025, -0.012055736254013755, 0.4921298858256668, 0.0573660328189897)
Allocation:
[9, 0, 3, 0, 0, 0, 0, 0, 0, 0, 0, 0, 6, 1, 0, 0, 0, 0, 0, 0, 1, 0, 0, 0, 0, 0, 0, 0, 0, 0, 0, 2, 3, 1, 0, 0, 0, 1, 0, 0, 9, 0, 0, 0, 0, 0, 4, 0, 5, 0, 0, 0, 0, 0, 1, 0]
Fitness = (21.162050339422972, -0.010422907571649714, 0.4921298858256668, 0.0571779611851835)
Allocation:
[9, 3, 6, 0, 3, 0, 0, 0, 0, 0, 0, 1, 0, 3, 0, 0, 1, 2, 0, 0, 2, 0, 0, 0, 1, 0, 0, 0, 0, 0, 0, 7, 0, 0, 0, 0, 0, 0, 0, 0, 4, 0, 1, 6, 4, 0, 0, 0, 0, 0, 0, 6, 5, 1, 7, 0]
Fitness = (17.218370524308256, -0.01018571708497263, 0.50330853142622, 0.0572040312360074)
Allocation:
[9, 0, 3, 0, 3, 0, 0, 0, 2, 0, 0, 0, 0, 0, 0, 0, 1, 0, 2, 0, 1, 0, 0, 0, 0, 1, 0, 0, 0, 0, 0, 7, 0, 0, 0, 0, 0, 0, 0, 1, 4, 0, 1, 6, 0, 0, 0, 0, 0, 0, 0, 6, 3, 1, 7, 0]
Fitness = (18.626629967071878, -0.010235802790819412, 0.4950931204411457, 0.0569099557087213)
Allocation:
[9, 4, 0, 0, 4, 0, 0, 0, 0, 0, 0, 2, 0, 1, 0, 0, 0, 0, 0, 0, 3, 0, 0, 0, 0, 1, 0, 0, 0, 0, 0, 7, 0, 0, 0, 0, 0, 0, 0, 0, 1, 0, 1, 6, 0, 0, 0, 0, 0, 3, 0, 6, 3, 1, 7, 4]
Fitness = (20.470369517431514, -0.010529697304576044, 0.50330853142622, 0.0571779611851835)
Allocation:
[9, 3, 0, 0, 4, 0, 0, 0, 3, 0, 0, 0, 0, 1, 0, 3, 0, 0, 0, 0, 2, 0, 0, 0, 1, 0, 2, 0, 0, 0, 0, 7, 0, 0, 0, 0, 0, 0, 0, 0, 4, 0, 1, 6, 4, 0, 0, 0, 0, 1, 0, 6, 5, 1, 7, 0]
Fitness = (13.616108136000069, -0.010614007350855026, 0.4921298858256668, 0.0573188506683122)
Allocation:
[9, 0, 4, 0, 3, 0, 0, 0, 0, 0, 0, 0, 0, 1, 0, 0, 0, 0, 0, 0, 1, 1, 0, 0, 0, 0, 0, 0, 0, 0, 1, 7, 0, 1, 0, 0, 0, 0, 0, 0, 4, 0, 0, 3, 0, 0, 0, 1, 0, 0, 0, 1, 0, 5, 4, 0]
Fitness = (18.38206379334257, -0.010329074912684293, 0.4950931204411457, 0.057155279633971)
Allocation:
[9, 3, 0, 1, 4, 0, 0, 0, 0, 0, 0, 0, 0, 1, 0, 0, 0, 0, 0, 0, 4, 0, 0, 1, 0, 1, 0, 0, 0, 0, 0, 7, 2, 0, 0, 0, 0, 0, 0, 0, 4, 0, 1, 6, 0, 0, 0, 0, 0, 1, 0, 6, 3, 1, 7, 0]
Fitness = (12.334901472674956, -0.009832773664402107, 0.4950931204411457, 0.0573550159724259)
Allocation:
[9, 3, 0, 0, 4, 0, 0, 0, 0, 0, 2, 0, 0, 1, 0, 0, 0, 0, 0, 0, 4, 0, 0, 0, 0, 3, 0, 0, 0, 0, 0, 7, 0, 0, 0, 0, 0, 0, 0, 0, 4, 0, 0, 1, 0, 0, 0, 0, 0, 0, 0, 3, 0, 0, 0, 0]
Fitness = (13.383080555156138, -0.010117398640143029, 0.50330853142622, 0.0572080112342457)
Allocation:
[1, 1, 3, 0, 3, 0, 0, 0, 1, 0, 0, 0, 0, 1, 0, 0, 2, 0, 1, 0, 1, 0, 0, 0, 0, 1, 0, 0, 0, 0, 0, 7, 0, 0, 0, 0, 0, 0, 0, 0, 0, 0, 0, 6, 0, 0, 0, 0, 0, 0, 0, 6, 3, 1, 7, 0]
Fitness = (19.521915185391535, -0.010596134880544603, 0.50330853142622, 0.0572080112342457)
Allocation:
[9, 2, 3, 0, 3, 0, 0, 0, 1, 0, 0, 2, 0, 0, 0, 1, 0, 0, 2, 0, 1, 0, 0, 0, 4, 1, 0, 0, 0, 0, 0, 7, 0, 0, 0, 0, 0, 0, 0, 0, 4, 0, 0, 1, 0, 0, 0, 0, 2, 2, 0, 6, 5, 5, 6, 0]
Fitness = (15.82871806658322, -0.010619780679253359, 0.4921298858256668, 0.0573362519886776)
Allocation:
[9, 1, 3, 0, 0, 0, 0, 0, 0, 2, 0, 0, 0, 1, 0, 0, 0, 0, 0, 0, 1, 0, 0, 0, 0, 0, 0, 0, 0, 0, 0, 7, 3, 0, 0, 0, 8, 2, 0, 0, 9, 0, 0, 3, 0, 0, 0, 0, 0, 0, 0, 1, 0, 0, 4, 0]
Fitness = (9.591264408703019, -0.009877020436160849, 0.50330853142622, 0.0573114618926663)
Allocation:
[0, 2, 5, 0, 0, 0, 0, 0, 1, 0, 0, 0, 0, 0, 0, 0, 0, 0, 0, 0, 0, 0, 0, 0, 0, 0, 0, 0, 0, 0, 0, 7, 0, 0, 0, 0, 0, 0, 0, 0, 9, 0, 0, 0, 0, 0, 0, 0, 1, 0, 0, 0, 3, 0, 4, 0]
Fitness = (19.003295472159397, -0.01055035748397148, 0.50330853142622, 0.0572350975092346)
Allocation:
[0, 0, 3, 0, 3, 0, 0, 0, 6, 0, 2, 3, 0, 1, 0, 0, 0, 0, 0, 0, 1, 0, 0, 0, 0, 0, 0, 0, 0, 0, 0, 7, 0, 1, 0, 0, 8, 2, 0, 0, 4, 0, 1, 6, 0, 0, 0, 0, 0, 0, 0, 6, 3, 1, 7, 0]
Fitness = (17.77525273914098, -0.010217858544195366, 0.4950931204411457, 0.0571779611851835)
Allocation:
[9, 1, 3, 0, 3, 0, 0, 0, 0, 0, 0, 1, 0, 0, 0, 0, 1, 0, 2, 0, 1, 0, 0, 0, 0, 1, 0, 0, 0, 0, 0, 7, 0, 0, 0, 0, 0, 0, 0, 0, 4, 0, 1, 6, 4, 0, 0, 0, 0, 1, 0, 6, 1, 1, 7, 0]
Fitness = (9.315626148453784, -0.009894085246575169, 0.50330853142622, 0.0573121959837064)
Allocation:
[0, 2, 5, 0, 0, 0, 0, 0, 1, 0, 0, 0, 0, 0, 0, 0, 0, 0, 0, 0, 0, 0, 0, 0, 0, 0, 0, 0, 0, 0, 0, 7, 0, 0, 0, 0, 0, 0, 0, 0, 4, 0, 0, 4, 0, 0, 0, 0, 2, 0, 0, 5, 0, 0, 1, 0]
Fitness = (21.134568755031637, -0.010756965728408998, 0.50330853142622, 0.0572040312360074)
Allocation:
[9, 0, 0, 0, 3, 0, 0, 0, 2, 1, 1, 0, 0, 1, 0, 0, 0, 0, 0, 0, 3, 0, 0, 0, 0, 3, 0, 1, 0, 0, 0, 7, 0, 1, 0, 0, 8, 1, 0, 1, 4, 0, 0, 1, 0, 0, 0, 0, 2, 2, 0, 6, 5, 5, 6, 0]
Fitness = (17.63655452480304, -0.010643321297650664, 0.50330853142622, 0.0573121959837064)
Allocation:
[9, 0, 0, 1, 5, 0, 0, 0, 1, 1, 0, 1, 0, 0, 0, 0, 0, 1, 0, 1, 3, 0, 0, 0, 0, 1, 0, 1, 0, 1, 0, 7, 0, 0, 0, 0, 0, 0, 0, 0, 1, 0, 0, 6, 0, 0, 0, 0, 2, 0, 0, 6, 0, 5, 7, 0]
Fitness = (18.571784841924234, -0.010342806143246125, 0.4950931204411457, 0.0569786141087353)
Allocation:
[9, 0, 1, 0, 3, 0, 0, 0, 0, 0, 0, 1, 0, 1, 0, 0, 0, 0, 0, 0, 2, 1, 0, 0, 0, 1, 0, 0, 0, 0, 0, 7, 0, 0, 0, 0, 0, 0, 1, 0, 4, 0, 2, 6, 4, 0, 0, 0, 0, 1, 0, 6, 5, 1, 7, 0]
Fitness = (18.8053769899967, -0.010553645208020495, 0.50330853142622, 0.0572706960275528)
Allocation:
[9, 1, 0, 0, 5, 0, 0, 0, 1, 2, 0, 1, 0, 0, 0, 0, 0, 1, 0, 1, 3, 0, 0, 0, 0, 1, 0, 0, 0, 0, 0, 7, 0, 1, 0, 0, 0, 3, 0, 0, 4, 0, 0, 6, 0, 0, 0, 0, 0, 1, 0, 6, 3, 1, 7, 0]
Fitness = (20.5246133210541, -0.010498079866201139, 0.50330853142622, 0.0571201308186705)
Allocation:
[9, 3, 6, 0, 3, 0, 2, 0, 2, 3, 0, 0, 0, 3, 0, 0, 0, 0, 0, 0, 2, 0, 0, 0, 1, 0, 0, 0, 0, 0, 0, 7, 0, 0, 0, 0, 0, 0, 0, 0, 4, 0, 0, 6, 0, 0, 0, 0, 2, 0, 0, 0, 5, 5, 7, 0]
Fitness = (13.442044905397433, -0.010954045493470635, 0.4921298858256668, 0.057352564498198)
Allocation:
[9, 0, 4, 0, 3, 0, 0, 0, 0, 0, 0, 1, 0, 1, 0, 0, 0, 0, 0, 0, 1, 1, 0, 0, 0, 0, 0, 2, 0, 0, 0, 7, 0, 1, 0, 0, 0, 0, 0, 0, 4, 0, 0, 4, 0, 1, 0, 2, 0, 0, 0, 1, 0, 3, 1, 0]
Fitness = (21.600044381889763, -0.010884264719236269, 0.4921298858256668, 0.0571779611851835)
Allocation:
[9, 4, 1, 0, 4, 0, 0, 0, 0, 1, 3, 0, 0, 0, 0, 0, 0, 0, 4, 1, 0, 0, 0, 0, 1, 0, 1, 2, 0, 0, 0, 5, 3, 0, 0, 0, 0, 0, 0, 0, 4, 0, 2, 6, 4, 0, 0, 0, 0, 1, 0, 6, 5, 1, 7, 0]
Fitness = (18.727658144304694, -0.010541367673938892, 0.4950931204411457, 0.0572080112342457)
Allocation:
[0, 3, 0, 0, 4, 0, 0, 0, 0, 0, 2, 0, 0, 0, 0, 6, 0, 0, 0, 0, 4, 0, 0, 0, 0, 3, 0, 0, 0, 0, 0, 7, 0, 0, 0, 0, 0, 0, 0, 0, 3, 0, 1, 6, 0, 0, 0, 0, 2, 0, 0, 6, 5, 5, 7, 0]
Fitness = (21.644245068760185, -0.010968053699165953, 0.50330853142622, 0.0572080112342457)
Allocation:
[9, 1, 2, 0, 5, 0, 0, 0, 4, 0, 0, 0, 0, 1, 0, 0, 0, 0, 3, 0, 1, 0, 0, 0, 0, 1, 0, 0, 0, 0, 0, 7, 3, 2, 0, 0, 8, 2, 0, 0, 0, 0, 1, 6, 0, 0, 0, 1, 0, 1, 0, 6, 3, 1, 7, 0]
Fitness = (8.812002022922654, -0.009529243776275903, 0.50330853142622, 0.0573121959837064)
Allocation:
[0, 2, 5, 0, 3, 0, 0, 0, 1, 0, 0, 0, 0, 0, 0, 0, 0, 0, 0, 0, 3, 0, 0, 0, 0, 0, 0, 0, 0, 0, 0, 7, 0, 0, 0, 0, 0, 0, 0, 0, 0, 0, 0, 3, 0, 0, 0, 0, 0, 0, 0, 1, 0, 0, 4, 0]
Fitness = (17.230365120301553, -0.010239177146957252, 0.50330853142622, 0.0572706960275528)
Allocation:
[9, 1, 0, 0, 5, 0, 0, 0, 1, 1, 0, 1, 0, 0, 0, 0, 0, 1, 0, 0, 3, 0, 0, 0, 0, 1, 0, 0, 0, 1, 0, 7, 0, 0, 0, 0, 0, 0, 0, 0, 4, 0, 0, 6, 0, 0, 0, 0, 0, 1, 0, 6, 3, 0, 7, 0]
Fitness = (18.080472571241078, -0.010232279805712941, 0.4921298858256668, 0.0571779983289043)
Allocation:
[9, 3, 0, 0, 4, 0, 0, 0, 0, 0, 0, 6, 0, 0, 0, 0, 0, 0, 0, 0, 2, 0, 0, 0, 1, 0, 0, 0, 1, 0, 0, 7, 0, 0, 0, 0, 0, 0, 0, 0, 4, 0, 1, 6, 0, 0, 0, 0, 0, 1, 0, 6, 3, 0, 7, 0]
Fitness = (10.173374458109768, -0.010007399852518029, 0.50330853142622, 0.0573062660282686)
Allocation:
[0, 0, 5, 0, 3, 0, 0, 0, 1, 0, 0, 0, 0, 0, 0, 0, 0, 0, 0, 0, 0, 0, 0, 0, 0, 0, 1, 0, 0, 0, 0, 7, 0, 0, 0, 0, 0, 0, 0, 0, 9, 0, 0, 0, 0, 0, 0, 0, 1, 0, 0, 0, 3, 0, 4, 0]
Fitness = (10.176258602774256, -0.010011274985911311, 0.50330853142622, 0.0573114618926663)
Allocation:
[0, 2, 5, 0, 0, 0, 0, 0, 1, 0, 0, 0, 0, 0, 0, 0, 0, 0, 0, 0, 0, 0, 0, 0, 0, 0, 0, 0, 0, 1, 0, 7, 0, 0, 0, 0, 0, 0, 0, 0, 4, 0, 0, 4, 0, 0, 0, 0, 0, 0, 0, 4, 2, 0, 4, 0]
Fitness = (21.329474736714243, -0.010548856832884394, 0.50330853142622, 0.0569099557087213)
Allocation:
[9, 3, 2, 0, 3, 0, 0, 0, 2, 0, 0, 0, 0, 3, 0, 1, 0, 0, 3, 0, 0, 0, 0, 2, 4, 1, 0, 0, 0, 0, 1, 7, 0, 0, 0, 0, 0, 1, 0, 0, 4, 0, 1, 6, 4, 0, 0, 0, 0, 0, 0, 6, 1, 1, 7, 1]


Seed = 101 
Population Size = 100 
Generations = 150 
Fitness = (20.935143517918966, -0.01075197399751712, 0.4950931204411457, 0.0572080112342457)
Allocation:
[0, 3, 0, 0, 4, 0, 0, 2, 0, 3, 0, 0, 1, 1, 0, 1, 0, 0, 5, 0, 0, 0, 0, 0, 2, 4, 0, 0, 0, 0, 0, 12, 1, 2, 0, 0, 5, 0, 0, 0, 6, 0, 1, 3, 0, 0, 0, 0, 1, 0, 0, 5, 1, 1, 8, 0]
Fitness = (21.307705476017006, -0.01049362150012686, 0.50330853142622, 0.0571201308186705)
Allocation:
[1, 1, 2, 0, 3, 0, 1, 0, 4, 8, 0, 4, 0, 1, 0, 0, 0, 0, 3, 0, 0, 0, 0, 0, 0, 0, 0, 0, 1, 0, 0, 12, 0, 0, 0, 0, 4, 0, 0, 0, 6, 0, 0, 3, 2, 0, 0, 0, 0, 1, 0, 5, 0, 3, 8, 0]
Fitness = (18.417152673305807, -0.010204617089275522, 0.50330853142622, 0.0572164440599272)
Allocation:
[0, 3, 2, 0, 4, 0, 0, 0, 4, 0, 0, 2, 0, 1, 0, 0, 0, 2, 0, 0, 0, 0, 0, 0, 1, 4, 0, 2, 0, 0, 0, 12, 0, 0, 0, 0, 1, 0, 0, 0, 6, 0, 0, 3, 0, 0, 0, 0, 0, 0, 0, 5, 1, 1, 8, 0]
Fitness = (21.398598567605607, -0.010529680428224383, 0.50330853142622, 0.0571380345274002)
Allocation:
[0, 1, 2, 0, 4, 0, 0, 1, 2, 2, 0, 5, 0, 3, 0, 0, 2, 1, 1, 0, 0, 0, 0, 0, 1, 4, 0, 1, 1, 0, 0, 12, 0, 0, 0, 0, 0, 0, 0, 0, 6, 0, 3, 3, 1, 0, 0, 0, 1, 0, 1, 5, 0, 2, 8, 0]
Fitness = (21.93496627302845, -0.010616246369490542, 0.50330853142622, 0.0569099557087213)
Allocation:
[0, 3, 0, 0, 4, 0, 0, 0, 4, 1, 0, 2, 0, 1, 0, 0, 1, 1, 0, 0, 2, 2, 0, 0, 1, 4, 0, 2, 0, 0, 1, 12, 1, 0, 0, 0, 0, 0, 1, 1, 6, 0, 0, 3, 2, 0, 0, 0, 0, 1, 1, 5, 0, 3, 8, 2]
Fitness = (21.073318832442585, -0.01050889866499164, 0.50330853142622, 0.0571380345274002)
Allocation:
[0, 3, 2, 0, 4, 0, 0, 1, 4, 2, 1, 3, 0, 1, 0, 0, 2, 0, 0, 0, 0, 0, 0, 0, 1, 1, 0, 0, 1, 0, 0, 12, 0, 0, 0, 0, 1, 2, 0, 0, 6, 0, 2, 4, 3, 0, 0, 0, 0, 0, 1, 5, 4, 3, 3, 0]
Fitness = (17.30365184539052, -0.010014302299378957, 0.50330853142622, 0.0569099557087213)
Allocation:
[2, 1, 2, 0, 3, 0, 0, 0, 4, 0, 0, 0, 0, 1, 0, 1, 0, 0, 0, 0, 0, 0, 0, 0, 0, 0, 0, 0, 0, 0, 0, 12, 0, 0, 0, 0, 1, 0, 0, 1, 6, 0, 0, 3, 2, 0, 0, 0, 0, 1, 0, 5, 0, 3, 8, 2]
Fitness = (21.929866040055284, -0.010585807868525587, 0.50330853142622, 0.0571779611851835)
Allocation:
[0, 1, 2, 0, 4, 0, 0, 1, 2, 2, 0, 5, 0, 4, 0, 0, 2, 1, 1, 0, 0, 0, 0, 0, 1, 4, 0, 3, 1, 0, 0, 12, 0, 1, 0, 0, 0, 0, 0, 0, 6, 0, 1, 3, 1, 0, 0, 0, 1, 0, 0, 5, 1, 2, 8, 0]
Fitness = (21.68909013241154, -0.01051577792992795, 0.50330853142622, 0.0570460211986425)
Allocation:
[0, 3, 0, 0, 4, 0, 0, 0, 4, 0, 0, 2, 0, 1, 0, 0, 6, 2, 0, 0, 4, 1, 0, 2, 1, 2, 0, 0, 0, 0, 0, 12, 0, 0, 0, 1, 0, 0, 0, 0, 6, 0, 0, 4, 2, 0, 0, 0, 0, 1, 0, 5, 0, 3, 8, 0]
Fitness = (19.59949411904536, -0.010259238484778062, 0.50330853142622, 0.057155279633971)
Allocation:
[0, 0, 6, 0, 4, 0, 0, 0, 2, 0, 0, 0, 0, 4, 0, 0, 0, 2, 1, 0, 1, 0, 0, 3, 0, 4, 0, 0, 1, 0, 0, 12, 0, 1, 0, 0, 0, 0, 0, 0, 6, 0, 1, 3, 0, 0, 0, 0, 0, 0, 0, 5, 0, 2, 8, 0]
Fitness = (12.900302393553659, -0.009993336390487769, 0.4950931204411457, 0.0573362519886776)
Allocation:
[0, 0, 0, 0, 8, 0, 0, 0, 0, 2, 0, 0, 0, 1, 0, 0, 0, 0, 0, 0, 6, 0, 0, 0, 0, 2, 0, 0, 0, 0, 0, 4, 0, 0, 0, 0, 2, 0, 0, 0, 1, 0, 0, 4, 0, 0, 0, 0, 0, 0, 0, 5, 0, 1, 7, 0]
Fitness = (16.717885649596596, -0.010064787491453963, 0.50330853142622, 0.0570460211986425)
Allocation:
[0, 3, 2, 0, 2, 0, 0, 0, 1, 0, 0, 2, 0, 1, 0, 0, 0, 0, 0, 1, 3, 0, 0, 0, 0, 0, 0, 0, 0, 0, 0, 12, 0, 0, 0, 1, 0, 0, 0, 0, 6, 0, 0, 3, 2, 0, 0, 0, 0, 1, 0, 5, 0, 3, 8, 0]
Fitness = (19.869738122493477, -0.010619802627732029, 0.4921298858256668, 0.0572350975092346)
Allocation:
[3, 0, 6, 2, 8, 0, 0, 0, 0, 1, 1, 3, 0, 6, 0, 0, 0, 0, 0, 0, 6, 0, 0, 0, 0, 0, 0, 1, 0, 0, 0, 4, 0, 0, 0, 0, 2, 0, 0, 0, 1, 0, 3, 3, 0, 0, 0, 0, 0, 1, 0, 5, 2, 2, 8, 0]
Fitness = (19.43831579185753, -0.010494545926323103, 0.50330853142622, 0.0572164440599272)
Allocation:
[0, 3, 2, 0, 4, 0, 0, 0, 4, 1, 0, 2, 1, 1, 0, 0, 0, 2, 0, 0, 0, 0, 0, 0, 1, 4, 0, 0, 0, 0, 0, 12, 0, 3, 0, 0, 1, 0, 0, 0, 6, 0, 1, 3, 0, 0, 0, 0, 1, 0, 0, 5, 0, 1, 8, 0]
Fitness = (12.571047144973994, -0.01065355941171266, 0.4921298858256668, 0.0573550159724259)
Allocation:
[0, 0, 0, 0, 8, 0, 0, 0, 0, 0, 1, 1, 0, 3, 0, 0, 0, 0, 0, 0, 1, 0, 0, 0, 0, 0, 0, 3, 0, 0, 0, 4, 0, 0, 0, 0, 0, 2, 0, 0, 6, 0, 0, 0, 0, 0, 0, 0, 5, 0, 0, 0, 0, 1, 8, 0]
Fitness = (20.6025055862138, -0.010465652244211072, 0.50330853142622, 0.057155279633971)
Allocation:
[0, 0, 6, 0, 4, 0, 0, 1, 2, 0, 0, 0, 0, 4, 0, 0, 0, 2, 5, 0, 1, 0, 0, 3, 0, 4, 0, 0, 1, 0, 0, 12, 0, 1, 0, 0, 0, 0, 0, 0, 6, 0, 0, 4, 0, 0, 0, 0, 0, 0, 0, 5, 1, 1, 7, 0]
Fitness = (21.53855370978468, -0.010720213150001252, 0.50330853142622, 0.0571779983289043)
Allocation:
[1, 1, 3, 0, 4, 0, 0, 0, 2, 2, 0, 5, 3, 3, 0, 0, 2, 1, 1, 0, 1, 0, 0, 0, 1, 4, 0, 1, 1, 0, 0, 12, 0, 0, 0, 0, 0, 0, 0, 3, 6, 0, 0, 3, 0, 1, 0, 0, 0, 1, 0, 5, 1, 2, 4, 0]
Fitness = (16.327281354740542, -0.010207918025242372, 0.50330853142622, 0.0573121959837064)
Allocation:
[0, 3, 2, 0, 0, 0, 0, 0, 4, 1, 0, 2, 1, 1, 0, 0, 0, 0, 0, 0, 0, 0, 0, 0, 0, 4, 0, 2, 0, 0, 0, 12, 1, 0, 0, 0, 1, 0, 0, 0, 6, 0, 0, 3, 0, 0, 0, 0, 0, 0, 0, 3, 0, 1, 8, 0]
Fitness = (16.597631935584463, -0.010819643942764162, 0.4921298858256668, 0.057352564498198)
Allocation:
[2, 0, 0, 2, 8, 0, 0, 0, 0, 2, 2, 3, 0, 4, 0, 0, 0, 0, 0, 2, 6, 2, 0, 0, 0, 0, 0, 1, 0, 0, 0, 4, 0, 0, 0, 0, 0, 1, 0, 0, 6, 0, 0, 0, 0, 0, 0, 0, 0, 0, 0, 3, 0, 1, 8, 0]
Fitness = (21.557641401047817, -0.01033657129561949, 0.50330853142622, 0.0569099557087213)
Allocation:
[0, 1, 6, 0, 4, 0, 0, 0, 2, 0, 0, 0, 0, 4, 0, 0, 0, 0, 1, 2, 1, 0, 0, 4, 0, 4, 0, 0, 1, 0, 0, 12, 0, 0, 0, 0, 0, 0, 1, 1, 6, 0, 0, 3, 0, 0, 0, 0, 0, 1, 1, 5, 0, 3, 8, 2]
Fitness = (21.969357131034016, -0.010628710445971313, 0.50330853142622, 0.0569786141087353)
Allocation:
[0, 3, 0, 0, 4, 0, 0, 0, 4, 1, 0, 2, 0, 1, 0, 0, 1, 1, 0, 0, 2, 2, 0, 0, 1, 4, 0, 2, 0, 0, 1, 12, 1, 0, 0, 0, 0, 0, 1, 0, 6, 0, 0, 3, 1, 0, 0, 0, 1, 0, 1, 5, 1, 6, 8, 0]
Fitness = (21.315480553844043, -0.0106637984953809, 0.50330853142622, 0.0571779983289043)
Allocation:
[0, 8, 2, 0, 4, 0, 0, 1, 4, 0, 5, 1, 0, 3, 0, 0, 2, 2, 0, 0, 1, 0, 0, 0, 0, 4, 2, 0, 1, 0, 1, 12, 0, 0, 0, 0, 0, 0, 0, 0, 6, 0, 0, 3, 0, 0, 0, 0, 0, 0, 0, 1, 1, 1, 8, 0]
Fitness = (13.715609810409342, -0.01022419651504996, 0.4950931204411457, 0.0573362519886776)
Allocation:
[0, 0, 0, 0, 8, 0, 0, 0, 0, 2, 0, 0, 0, 3, 0, 0, 0, 0, 0, 0, 6, 0, 0, 0, 0, 2, 0, 0, 0, 0, 0, 4, 0, 0, 0, 0, 2, 0, 0, 0, 6, 0, 0, 0, 0, 0, 1, 0, 0, 0, 0, 3, 0, 1, 8, 0]
Fitness = (20.77342858036691, -0.010441604362100308, 0.50330853142622, 0.0571201308186705)
Allocation:
[1, 1, 2, 0, 3, 0, 1, 0, 4, 8, 0, 0, 0, 2, 0, 0, 0, 0, 3, 0, 0, 0, 0, 0, 0, 1, 0, 0, 1, 0, 0, 12, 0, 0, 0, 0, 4, 0, 0, 0, 6, 0, 0, 3, 2, 0, 0, 0, 0, 1, 0, 5, 0, 3, 8, 0]
Fitness = (20.523031085395612, -0.010447650000077269, 0.50330853142622, 0.0571779983289043)
Allocation:
[0, 1, 2, 0, 2, 0, 0, 1, 7, 2, 0, 5, 0, 3, 0, 0, 2, 0, 2, 0, 0, 0, 0, 0, 1, 0, 0, 1, 1, 0, 0, 12, 0, 0, 0, 0, 0, 0, 0, 0, 6, 0, 0, 3, 0, 0, 0, 0, 0, 2, 0, 5, 1, 3, 8, 0]
Fitness = (15.427021381875475, -0.010904282404881404, 0.4950931204411457, 0.0573188506683122)
Allocation:
[0, 6, 0, 1, 0, 0, 0, 2, 0, 0, 0, 0, 0, 1, 0, 0, 0, 2, 0, 0, 1, 1, 0, 0, 0, 3, 0, 0, 0, 0, 2, 12, 0, 0, 0, 0, 2, 2, 0, 0, 6, 0, 0, 0, 0, 0, 0, 0, 0, 0, 0, 3, 0, 1, 8, 0]
Fitness = (14.60933934566875, -0.009966232272057072, 0.50330853142622, 0.0572080112342457)
Allocation:
[2, 1, 2, 0, 2, 0, 0, 0, 4, 0, 0, 0, 0, 1, 0, 1, 0, 0, 0, 0, 0, 0, 0, 0, 1, 0, 0, 0, 0, 0, 0, 12, 0, 0, 0, 0, 1, 0, 0, 0, 1, 0, 0, 4, 0, 0, 0, 0, 0, 0, 0, 5, 4, 1, 7, 0]
Fitness = (12.647384309593576, -0.009710920404401805, 0.50330853142622, 0.0572080112342457)
Allocation:
[2, 1, 2, 0, 3, 0, 0, 0, 4, 0, 0, 0, 0, 1, 0, 1, 0, 0, 0, 0, 0, 0, 0, 0, 0, 0, 0, 0, 0, 0, 0, 12, 0, 0, 0, 0, 1, 0, 0, 0, 1, 0, 0, 1, 0, 0, 0, 0, 0, 0, 0, 5, 0, 1, 7, 0]
Fitness = (21.214380320121276, -0.010757038590067448, 0.50330853142622, 0.0572080112342457)
Allocation:
[3, 0, 0, 2, 8, 0, 0, 0, 1, 3, 3, 3, 0, 4, 0, 0, 1, 0, 0, 2, 6, 0, 0, 0, 4, 0, 0, 1, 0, 0, 0, 4, 0, 0, 0, 0, 0, 1, 0, 0, 6, 0, 0, 3, 0, 0, 0, 0, 0, 2, 0, 5, 0, 3, 8, 0]
Fitness = (18.106494834040618, -0.010274502442228042, 0.4921298858256668, 0.0573114618926663)
Allocation:
[3, 0, 6, 2, 8, 0, 0, 0, 0, 1, 1, 3, 0, 6, 0, 0, 0, 0, 0, 0, 6, 0, 0, 0, 0, 0, 0, 1, 0, 0, 0, 4, 0, 0, 0, 0, 1, 0, 0, 0, 6, 0, 0, 3, 0, 0, 0, 0, 0, 0, 0, 1, 1, 0, 8, 0]
Fitness = (16.112041591005173, -0.011241810019918386, 0.4950931204411457, 0.0573362519886776)
Allocation:
[0, 0, 0, 0, 8, 0, 0, 3, 0, 0, 0, 0, 0, 3, 0, 0, 0, 0, 0, 3, 3, 0, 0, 0, 0, 2, 0, 0, 0, 0, 0, 4, 1, 0, 0, 0, 2, 6, 0, 0, 6, 0, 0, 1, 0, 0, 0, 0, 5, 0, 0, 0, 0, 1, 8, 0]
Fitness = (19.30705939286946, -0.011512564739552646, 0.4950931204411457, 0.0573362519886776)
Allocation:
[3, 0, 0, 2, 8, 0, 0, 0, 0, 0, 1, 3, 0, 4, 0, 0, 0, 0, 0, 2, 6, 1, 0, 0, 0, 1, 0, 2, 0, 0, 0, 4, 0, 0, 0, 0, 4, 1, 0, 0, 6, 0, 0, 0, 0, 0, 5, 0, 5, 0, 0, 1, 0, 1, 8, 0]
Fitness = (16.125782584973702, -0.010170014564430143, 0.4950931204411457, 0.0573114618926663)
Allocation:
[0, 0, 0, 0, 8, 0, 0, 0, 0, 2, 0, 0, 0, 3, 0, 0, 0, 1, 0, 0, 6, 0, 0, 0, 0, 2, 0, 0, 0, 0, 0, 4, 0, 0, 0, 0, 2, 0, 0, 0, 6, 0, 0, 4, 0, 0, 0, 0, 0, 0, 0, 5, 1, 3, 7, 0]
Fitness = (15.86651695568287, -0.009931146887453888, 0.50330853142622, 0.0571779983289043)
Allocation:
[1, 1, 2, 0, 3, 0, 0, 0, 4, 0, 0, 0, 0, 1, 0, 0, 0, 0, 1, 0, 0, 0, 0, 0, 0, 0, 0, 0, 1, 0, 0, 12, 0, 0, 0, 0, 4, 0, 0, 0, 6, 0, 1, 3, 0, 0, 0, 0, 0, 0, 0, 5, 0, 0, 8, 0]
Fitness = (14.440792444336275, -0.009806357985461655, 0.50330853142622, 0.0569099557087213)
Allocation:
[1, 0, 2, 0, 1, 0, 0, 0, 4, 0, 0, 0, 0, 1, 0, 0, 0, 0, 0, 0, 0, 0, 0, 0, 0, 0, 0, 0, 1, 0, 0, 12, 1, 0, 0, 0, 0, 0, 0, 0, 6, 0, 1, 3, 0, 0, 0, 0, 0, 0, 0, 5, 0, 0, 8, 2]
Fitness = (21.069855900022997, -0.010703483171577132, 0.4921298858256668, 0.0572080112342457)
Allocation:
[3, 0, 6, 2, 8, 0, 0, 0, 0, 1, 0, 3, 0, 6, 0, 0, 1, 1, 0, 0, 6, 0, 0, 0, 3, 0, 0, 1, 0, 0, 0, 4, 0, 0, 0, 0, 1, 0, 0, 0, 6, 0, 0, 4, 0, 0, 1, 0, 1, 0, 0, 5, 1, 1, 7, 0]
Fitness = (17.30365184539052, -0.010014302299378957, 0.50330853142622, 0.0569099557087213)
Allocation:
[2, 1, 2, 0, 3, 0, 0, 0, 4, 0, 0, 0, 0, 1, 0, 1, 0, 0, 0, 0, 0, 0, 0, 0, 0, 0, 0, 0, 0, 0, 0, 12, 0, 0, 0, 0, 1, 0, 0, 1, 6, 0, 0, 3, 2, 0, 0, 0, 0, 1, 0, 5, 0, 3, 8, 2]
Fitness = (14.428255043049525, -0.00985032557922619, 0.50330853142622, 0.0572080112342457)
Allocation:
[2, 1, 2, 0, 3, 0, 0, 0, 4, 0, 0, 0, 0, 1, 0, 1, 0, 0, 0, 0, 0, 0, 0, 0, 1, 0, 0, 0, 0, 0, 0, 12, 0, 0, 0, 0, 1, 0, 0, 0, 6, 0, 1, 3, 0, 0, 0, 0, 0, 0, 0, 0, 0, 2, 8, 0]
Fitness = (20.43169189954398, -0.01030650380439021, 0.50330853142622, 0.057155279633971)
Allocation:
[0, 0, 6, 0, 4, 0, 0, 0, 2, 0, 1, 0, 0, 4, 0, 0, 0, 2, 1, 0, 2, 0, 0, 3, 0, 4, 0, 0, 1, 0, 0, 12, 0, 1, 0, 0, 0, 0, 0, 0, 6, 0, 1, 3, 1, 0, 0, 0, 0, 0, 0, 5, 0, 2, 8, 0]
Fitness = (21.402735316189737, -0.010846480365354783, 0.50330853142622, 0.0572350975092346)
Allocation:
[2, 0, 6, 1, 2, 0, 0, 0, 7, 3, 4, 1, 0, 0, 0, 0, 0, 0, 0, 0, 0, 1, 0, 0, 0, 4, 0, 3, 0, 1, 0, 8, 0, 1, 0, 0, 4, 1, 0, 0, 6, 0, 1, 3, 0, 1, 0, 0, 0, 0, 0, 5, 0, 1, 8, 0]
Fitness = (8.311783447519762, -0.010289142142900448, 0.4921298858256668, 0.0573550159724259)
Allocation:
[0, 0, 0, 0, 8, 0, 0, 0, 0, 0, 1, 1, 0, 1, 0, 0, 0, 0, 0, 0, 1, 0, 0, 0, 0, 0, 0, 3, 0, 0, 0, 4, 0, 0, 0, 0, 0, 2, 0, 0, 6, 0, 0, 0, 0, 0, 0, 0, 0, 0, 0, 0, 0, 1, 0, 0]
Fitness = (13.60343128775712, -0.010893172026560923, 0.4921298858256668, 0.0573550159724259)
Allocation:
[0, 0, 0, 0, 8, 0, 0, 0, 0, 0, 3, 0, 0, 3, 0, 0, 0, 0, 0, 3, 1, 0, 0, 0, 0, 0, 0, 3, 0, 0, 0, 4, 0, 0, 0, 0, 0, 2, 0, 0, 6, 0, 0, 0, 0, 0, 0, 0, 5, 0, 0, 0, 0, 1, 8, 0]
Fitness = (16.57995564782244, -0.010360398174428541, 0.50330853142622, 0.0573121959837064)
Allocation:
[1, 1, 0, 0, 3, 0, 0, 0, 4, 0, 0, 0, 0, 0, 0, 0, 0, 3, 0, 0, 5, 0, 0, 0, 0, 0, 0, 0, 0, 0, 0, 12, 0, 2, 0, 0, 4, 0, 0, 0, 6, 0, 0, 3, 0, 0, 0, 0, 0, 0, 0, 3, 0, 1, 8, 0]
Fitness = (15.297533487652467, -0.009878837072915444, 0.50330853142622, 0.0571779983289043)
Allocation:
[0, 1, 3, 0, 3, 0, 0, 0, 5, 0, 0, 0, 0, 1, 0, 1, 0, 0, 0, 0, 0, 0, 0, 0, 0, 0, 0, 0, 1, 0, 0, 12, 0, 0, 0, 0, 1, 0, 0, 0, 6, 0, 1, 3, 0, 0, 0, 0, 0, 0, 0, 3, 1, 1, 8, 0]
Fitness = (17.619231855071792, -0.010681058267196883, 0.50330853142622, 0.0573114618926663)
Allocation:
[2, 0, 6, 1, 0, 0, 0, 0, 7, 3, 4, 1, 0, 0, 0, 0, 0, 0, 0, 0, 2, 0, 0, 0, 0, 4, 0, 3, 0, 0, 0, 8, 0, 1, 0, 0, 0, 0, 0, 0, 0, 0, 0, 1, 0, 0, 0, 0, 0, 0, 0, 5, 3, 2, 8, 0]
Fitness = (20.66923516514501, -0.010725780687611562, 0.4950931204411457, 0.0572080112342457)
Allocation:
[3, 0, 0, 0, 8, 0, 0, 0, 0, 2, 1, 3, 0, 4, 0, 3, 0, 0, 0, 2, 6, 1, 0, 0, 1, 1, 0, 3, 0, 0, 0, 4, 0, 0, 0, 0, 4, 0, 0, 0, 6, 0, 1, 3, 0, 0, 0, 0, 0, 0, 0, 5, 0, 2, 8, 0]
Fitness = (14.569162721434942, -0.0100568444819099, 0.50330853142622, 0.0572350975092346)
Allocation:
[1, 0, 2, 0, 3, 0, 0, 0, 4, 4, 1, 0, 0, 1, 0, 0, 0, 0, 0, 0, 0, 0, 0, 0, 0, 0, 0, 0, 0, 0, 0, 12, 0, 0, 0, 0, 1, 0, 0, 0, 6, 0, 3, 1, 0, 0, 0, 0, 0, 0, 0, 1, 0, 1, 8, 0]
Fitness = (16.71314595048324, -0.010031431397722237, 0.50330853142622, 0.0571380345274002)
Allocation:
[3, 1, 0, 0, 3, 0, 0, 0, 4, 0, 0, 0, 0, 1, 0, 1, 0, 0, 0, 0, 0, 0, 0, 0, 1, 0, 0, 0, 0, 0, 0, 12, 0, 0, 0, 0, 1, 0, 0, 0, 6, 0, 0, 3, 0, 0, 0, 0, 0, 2, 1, 5, 1, 3, 8, 0]
Fitness = (15.521244333655282, -0.010117642925499862, 0.4950931204411457, 0.0572350975092346)
Allocation:
[0, 0, 0, 0, 8, 0, 0, 0, 0, 2, 1, 0, 0, 1, 0, 0, 0, 0, 0, 0, 6, 0, 0, 0, 0, 2, 0, 0, 0, 0, 0, 4, 0, 0, 0, 0, 2, 0, 0, 0, 6, 0, 1, 3, 0, 0, 0, 0, 0, 0, 0, 5, 1, 2, 8, 0]
Fitness = (17.458035514236773, -0.010982304918590173, 0.4921298858256668, 0.057352564498198)
Allocation:
[3, 1, 6, 2, 8, 0, 0, 0, 0, 1, 0, 3, 0, 6, 0, 0, 0, 0, 0, 0, 6, 6, 0, 0, 0, 0, 0, 1, 0, 0, 0, 4, 0, 0, 0, 0, 0, 0, 0, 0, 1, 0, 0, 4, 0, 0, 0, 0, 0, 0, 0, 5, 0, 1, 2, 0]
Fitness = (14.32458367987155, -0.010052976806457092, 0.50330853142622, 0.0572164440599272)
Allocation:
[0, 3, 1, 0, 4, 0, 0, 0, 4, 0, 0, 2, 0, 1, 0, 0, 0, 1, 0, 0, 3, 0, 0, 0, 1, 1, 0, 0, 0, 0, 0, 12, 0, 0, 0, 0, 1, 0, 0, 0, 0, 0, 0, 3, 0, 0, 0, 0, 0, 0, 0, 1, 0, 2, 8, 0]
Fitness = (21.38815624420812, -0.010556814534696164, 0.50330853142622, 0.057155279633971)
Allocation:
[1, 3, 0, 3, 4, 0, 0, 0, 4, 0, 0, 2, 0, 1, 0, 0, 2, 0, 0, 0, 2, 0, 0, 7, 1, 4, 0, 0, 1, 0, 0, 12, 1, 2, 0, 0, 1, 0, 0, 0, 6, 0, 0, 4, 0, 0, 0, 0, 0, 0, 0, 3, 0, 1, 8, 0]
Fitness = (19.58387660916784, -0.01076152378412411, 0.50330853142622, 0.0572164440599272)
Allocation:
[2, 3, 1, 1, 4, 0, 0, 0, 4, 0, 0, 2, 0, 0, 0, 0, 0, 1, 0, 0, 3, 0, 0, 0, 1, 4, 1, 2, 0, 0, 2, 12, 0, 0, 0, 0, 1, 0, 0, 0, 6, 0, 0, 3, 0, 0, 0, 2, 0, 1, 0, 5, 0, 2, 4, 0]
Fitness = (16.37635942726793, -0.00999584878354198, 0.50330853142622, 0.0569099557087213)
Allocation:
[0, 1, 3, 0, 3, 0, 0, 0, 5, 0, 0, 0, 0, 1, 0, 1, 1, 0, 0, 0, 0, 0, 0, 0, 0, 2, 0, 0, 1, 0, 0, 12, 0, 0, 0, 0, 1, 0, 0, 0, 6, 0, 0, 0, 1, 0, 0, 0, 0, 1, 0, 5, 1, 0, 8, 2]
Fitness = (11.774752936250508, -0.009626376366366974, 0.50330853142622, 0.0573114618926663)
Allocation:
[2, 1, 3, 0, 3, 0, 0, 0, 4, 0, 0, 0, 0, 1, 0, 0, 0, 0, 0, 0, 0, 0, 0, 0, 0, 0, 0, 0, 0, 0, 0, 12, 0, 0, 0, 0, 1, 0, 0, 0, 0, 0, 0, 3, 0, 0, 0, 0, 0, 0, 0, 0, 1, 0, 8, 0]
Fitness = (21.34098673473877, -0.010486141478440526, 0.50330853142622, 0.0570264466021736)
Allocation:
[0, 0, 6, 0, 4, 1, 0, 0, 2, 0, 1, 1, 0, 4, 0, 0, 0, 0, 1, 0, 2, 0, 0, 3, 1, 4, 0, 0, 1, 0, 0, 12, 0, 1, 0, 0, 0, 0, 0, 0, 6, 0, 0, 0, 4, 0, 0, 0, 0, 4, 0, 5, 3, 0, 7, 0]
Fitness = (13.981975614118861, -0.010062796948860815, 0.50330853142622, 0.0572706960275528)
Allocation:
[1, 0, 2, 0, 3, 0, 0, 0, 4, 0, 0, 0, 0, 0, 0, 0, 0, 0, 0, 0, 0, 0, 0, 0, 0, 0, 0, 0, 0, 0, 0, 12, 1, 0, 0, 0, 2, 0, 0, 0, 2, 0, 0, 3, 0, 0, 0, 0, 0, 4, 0, 5, 1, 0, 7, 0]
Fitness = (18.120107285333106, -0.010089556048255488, 0.50330853142622, 0.0571779611851835)
Allocation:
[1, 0, 2, 0, 3, 0, 0, 0, 4, 4, 1, 0, 0, 1, 0, 0, 0, 0, 0, 0, 1, 0, 0, 0, 0, 0, 0, 0, 0, 0, 0, 12, 0, 0, 0, 0, 1, 0, 0, 1, 6, 0, 0, 3, 1, 0, 0, 0, 1, 0, 0, 5, 0, 1, 13, 0]
Fitness = (18.616054397905867, -0.010339129598915163, 0.50330853142622, 0.0572164440599272)
Allocation:
[0, 3, 1, 0, 4, 0, 0, 0, 4, 0, 0, 2, 0, 1, 0, 0, 0, 1, 0, 0, 0, 0, 0, 0, 1, 4, 0, 4, 0, 0, 0, 12, 0, 2, 0, 0, 1, 0, 0, 0, 6, 0, 0, 3, 0, 0, 0, 0, 0, 0, 0, 5, 1, 0, 8, 0]
Fitness = (18.52080009187004, -0.010625848874727171, 0.4950931204411457, 0.0572706960275528)
Allocation:
[3, 0, 6, 0, 8, 0, 0, 0, 0, 1, 1, 3, 0, 6, 0, 0, 0, 0, 0, 0, 6, 3, 0, 0, 0, 1, 0, 1, 0, 0, 0, 2, 0, 0, 0, 0, 0, 0, 0, 0, 6, 0, 0, 3, 0, 0, 0, 0, 1, 1, 0, 5, 0, 2, 4, 0]
Fitness = (18.971484440768396, -0.01020239263137188, 0.50330853142622, 0.0571779611851835)
Allocation:
[0, 1, 3, 0, 3, 0, 0, 0, 5, 0, 0, 1, 0, 1, 0, 1, 1, 0, 0, 0, 0, 0, 0, 0, 0, 2, 0, 3, 1, 0, 0, 12, 0, 0, 0, 0, 1, 0, 0, 0, 6, 0, 0, 4, 2, 0, 0, 0, 0, 1, 0, 5, 0, 3, 8, 0]
Fitness = (19.48046261410864, -0.010344641834962339, 0.50330853142622, 0.0572080112342457)
Allocation:
[0, 3, 1, 0, 4, 0, 0, 0, 6, 0, 0, 2, 0, 0, 0, 4, 0, 1, 0, 0, 3, 1, 0, 0, 1, 4, 0, 0, 0, 0, 0, 12, 0, 0, 0, 0, 4, 0, 0, 0, 6, 0, 0, 4, 0, 0, 0, 0, 0, 1, 0, 0, 0, 1, 8, 0]
Fitness = (14.089814797180152, -0.009857663398415558, 0.50330853142622, 0.0572350975092346)
Allocation:
[0, 0, 2, 0, 3, 0, 0, 0, 4, 0, 1, 0, 0, 1, 0, 0, 0, 0, 0, 0, 0, 0, 0, 0, 0, 0, 0, 0, 0, 0, 0, 12, 0, 0, 0, 0, 1, 0, 0, 0, 6, 0, 1, 0, 0, 0, 0, 0, 1, 0, 0, 5, 1, 1, 8, 0]
Fitness = (18.649561755625154, -0.010952025942206513, 0.50330853142622, 0.0573121959837064)
Allocation:
[1, 1, 0, 0, 0, 0, 0, 1, 1, 0, 2, 0, 0, 1, 0, 0, 0, 2, 0, 0, 1, 2, 0, 0, 0, 4, 0, 0, 0, 1, 0, 12, 6, 0, 0, 0, 2, 2, 0, 0, 6, 0, 0, 8, 0, 0, 0, 0, 0, 0, 0, 2, 0, 1, 8, 0]
Fitness = (20.311290305616453, -0.010506855115437634, 0.50330853142622, 0.0572080112342457)
Allocation:
[0, 3, 0, 0, 4, 0, 0, 0, 6, 0, 0, 0, 0, 3, 0, 4, 0, 1, 0, 0, 3, 0, 0, 0, 1, 4, 2, 0, 0, 0, 0, 12, 0, 0, 0, 0, 0, 0, 0, 0, 6, 0, 1, 3, 0, 0, 0, 1, 0, 0, 0, 5, 0, 2, 8, 0]
Fitness = (21.4717262838619, -0.010823435926833621, 0.4921298858256668, 0.0573362519886776)
Allocation:
[3, 6, 6, 2, 8, 0, 0, 0, 0, 1, 1, 3, 2, 6, 0, 0, 0, 0, 0, 0, 6, 0, 0, 0, 0, 0, 0, 5, 0, 0, 0, 4, 0, 2, 0, 0, 2, 0, 0, 0, 6, 0, 0, 0, 0, 0, 0, 0, 0, 0, 0, 3, 0, 0, 8, 0]
Fitness = (21.936499529308215, -0.010670883872034706, 0.50330853142622, 0.0570264466021736)
Allocation:
[0, 0, 6, 0, 4, 1, 0, 0, 2, 0, 1, 1, 2, 4, 0, 0, 0, 0, 1, 0, 0, 0, 0, 3, 1, 4, 0, 0, 1, 0, 0, 12, 0, 1, 1, 0, 0, 0, 0, 0, 6, 0, 0, 3, 2, 0, 0, 1, 0, 0, 2, 5, 0, 3, 8, 0]
Fitness = (14.387101887407281, -0.010030588646416906, 0.4950931204411457, 0.0572706960275528)
Allocation:
[0, 0, 0, 0, 8, 0, 0, 0, 0, 2, 0, 0, 0, 3, 0, 0, 0, 0, 0, 0, 6, 0, 0, 0, 0, 2, 0, 0, 0, 0, 0, 4, 0, 0, 0, 0, 2, 0, 0, 0, 6, 0, 0, 3, 0, 0, 0, 0, 0, 1, 0, 5, 0, 2, 4, 0]
Fitness = (15.735363667836262, -0.010161715999243521, 0.50330853142622, 0.0573121959837064)
Allocation:
[1, 0, 2, 0, 3, 0, 0, 0, 4, 4, 1, 0, 0, 1, 0, 0, 0, 0, 0, 0, 0, 0, 0, 0, 0, 0, 0, 0, 0, 0, 0, 12, 0, 0, 0, 0, 1, 3, 0, 0, 6, 0, 0, 3, 0, 0, 0, 0, 0, 0, 0, 3, 0, 1, 8, 0]
Fitness = (20.723612969585375, -0.010560377158305155, 0.4921298858256668, 0.0571779611851835)
Allocation:
[3, 1, 6, 2, 8, 0, 0, 0, 0, 1, 0, 3, 0, 6, 0, 0, 0, 0, 0, 0, 6, 1, 0, 0, 0, 0, 0, 0, 0, 0, 0, 4, 0, 0, 0, 0, 0, 0, 0, 0, 6, 0, 0, 0, 5, 0, 0, 0, 0, 4, 0, 5, 3, 0, 7, 0]
Fitness = (19.226843676147013, -0.011334706077585788, 0.50330853142622, 0.0573114618926663)
Allocation:
[0, 6, 0, 0, 0, 0, 0, 2, 1, 0, 0, 0, 0, 3, 0, 0, 0, 2, 0, 0, 1, 1, 0, 0, 0, 3, 0, 0, 0, 0, 2, 12, 0, 4, 0, 0, 2, 2, 0, 0, 6, 0, 0, 3, 0, 0, 3, 0, 0, 0, 0, 5, 1, 0, 8, 0]
Fitness = (15.565178975725589, -0.011167907282234707, 0.4950931204411457, 0.0573188506683122)
Allocation:
[0, 6, 0, 0, 0, 0, 0, 6, 0, 0, 0, 0, 0, 0, 0, 0, 0, 2, 0, 0, 1, 1, 0, 0, 0, 3, 0, 4, 0, 0, 2, 12, 0, 0, 0, 0, 2, 2, 0, 0, 6, 0, 0, 3, 0, 0, 0, 0, 0, 0, 0, 3, 0, 1, 0, 0]
Fitness = (19.931209275162214, -0.01157753883892896, 0.50330853142622, 0.0573114618926663)
Allocation:
[1, 0, 2, 0, 3, 0, 0, 3, 4, 4, 1, 0, 0, 1, 0, 0, 0, 0, 0, 0, 1, 0, 0, 0, 0, 0, 0, 0, 0, 1, 0, 12, 0, 0, 0, 0, 1, 0, 0, 0, 6, 0, 0, 4, 0, 3, 7, 0, 0, 0, 0, 5, 1, 3, 7, 0]
Fitness = (20.80716719566196, -0.01055013678600054, 0.50330853142622, 0.057155279633971)
Allocation:
[0, 3, 1, 0, 4, 0, 0, 0, 4, 0, 0, 2, 0, 1, 0, 0, 0, 0, 0, 1, 0, 0, 0, 1, 1, 4, 0, 4, 0, 0, 0, 12, 1, 0, 0, 0, 1, 0, 0, 0, 6, 0, 1, 3, 1, 0, 1, 0, 1, 3, 0, 5, 0, 2, 8, 0]
Fitness = (11.784538718760398, -0.009684398473791062, 0.50330853142622, 0.0572706960275528)
Allocation:
[2, 1, 0, 0, 3, 0, 0, 0, 4, 0, 0, 0, 0, 2, 0, 0, 0, 0, 0, 0, 0, 0, 0, 0, 0, 0, 0, 0, 0, 0, 0, 12, 0, 0, 0, 0, 1, 0, 0, 0, 6, 0, 0, 3, 0, 0, 0, 0, 0, 1, 0, 3, 0, 1, 0, 0]
Fitness = (17.485425799541073, -0.011341886915497012, 0.4950931204411457, 0.057352564498198)
Allocation:
[3, 0, 6, 0, 8, 0, 0, 0, 0, 1, 1, 3, 0, 6, 0, 0, 0, 0, 0, 0, 6, 3, 0, 0, 0, 1, 0, 1, 0, 0, 0, 2, 0, 4, 0, 0, 0, 0, 0, 0, 1, 0, 0, 1, 0, 1, 0, 0, 0, 0, 0, 5, 0, 1, 7, 0]
Fitness = (19.135633700361016, -0.01053406064583389, 0.4921298858256668, 0.0572350975092346)
Allocation:
[0, 0, 6, 2, 8, 0, 0, 0, 0, 1, 1, 0, 0, 6, 0, 0, 0, 0, 0, 0, 6, 0, 0, 0, 0, 0, 0, 3, 0, 1, 0, 4, 0, 0, 0, 0, 1, 0, 0, 0, 6, 0, 1, 3, 0, 0, 0, 0, 0, 0, 0, 5, 1, 2, 8, 0]
Fitness = (19.26476543929646, -0.010319010964387192, 0.50330853142622, 0.0571779611851835)
Allocation:
[0, 3, 0, 0, 4, 0, 0, 0, 6, 0, 0, 0, 0, 3, 0, 0, 0, 0, 0, 0, 0, 1, 0, 0, 1, 4, 2, 0, 2, 0, 0, 12, 0, 0, 0, 0, 0, 0, 0, 0, 6, 0, 0, 3, 1, 0, 0, 0, 0, 1, 0, 5, 0, 3, 8, 0]
Fitness = (15.275654985915029, -0.00997844780024417, 0.50330853142622, 0.0572080112342457)
Allocation:
[2, 1, 0, 0, 3, 0, 0, 0, 4, 0, 1, 0, 0, 1, 0, 1, 0, 0, 0, 0, 0, 0, 0, 0, 0, 0, 0, 0, 0, 1, 0, 12, 0, 0, 0, 0, 0, 0, 0, 0, 6, 0, 1, 3, 0, 0, 0, 0, 0, 0, 0, 5, 0, 2, 8, 0]
Fitness = (14.521396450030092, -0.010494225928481727, 0.4950931204411457, 0.0573362519886776)
Allocation:
[3, 0, 0, 0, 8, 0, 0, 0, 0, 2, 0, 0, 0, 1, 0, 0, 0, 0, 0, 0, 6, 0, 0, 0, 0, 1, 0, 0, 0, 0, 0, 4, 5, 0, 0, 0, 2, 0, 0, 0, 6, 0, 0, 4, 0, 0, 0, 0, 0, 0, 0, 3, 0, 1, 3, 0]
Fitness = (19.56369078011108, -0.010188140712263967, 0.4921298858256668, 0.057155279633971)
Allocation:
[0, 1, 6, 0, 4, 0, 0, 0, 0, 0, 0, 0, 0, 4, 0, 0, 1, 0, 1, 0, 0, 0, 0, 4, 0, 0, 0, 1, 1, 0, 0, 12, 0, 0, 0, 0, 1, 0, 0, 0, 6, 0, 0, 4, 2, 0, 0, 0, 0, 1, 0, 5, 1, 3, 8, 0]
Fitness = (21.18423163341585, -0.010485711196331697, 0.50330853142622, 0.0570460211986425)
Allocation:
[0, 0, 6, 0, 4, 0, 0, 0, 2, 0, 0, 0, 0, 4, 0, 0, 0, 2, 1, 0, 1, 0, 0, 2, 0, 4, 0, 0, 1, 0, 0, 12, 0, 1, 2, 0, 0, 0, 0, 0, 6, 0, 3, 3, 1, 0, 0, 0, 1, 0, 1, 5, 0, 2, 8, 0]
Fitness = (20.755930922948572, -0.010571448011417437, 0.50330853142622, 0.0571779611851835)
Allocation:
[3, 6, 6, 0, 8, 0, 0, 0, 1, 1, 1, 3, 2, 6, 0, 0, 0, 0, 0, 0, 6, 0, 0, 0, 0, 0, 0, 1, 0, 0, 0, 1, 0, 0, 0, 0, 2, 0, 0, 0, 6, 0, 0, 0, 2, 0, 0, 0, 0, 0, 0, 5, 2, 1, 8, 0]
Fitness = (21.772056983297233, -0.010853754780473809, 0.50330853142622, 0.0572080112342457)
Allocation:
[0, 3, 1, 0, 0, 0, 0, 0, 6, 0, 0, 2, 0, 2, 0, 4, 0, 1, 0, 0, 3, 1, 0, 0, 1, 4, 0, 1, 0, 0, 0, 12, 0, 1, 0, 0, 4, 0, 0, 0, 6, 0, 0, 3, 0, 0, 0, 3, 0, 1, 0, 5, 0, 3, 8, 0]
Fitness = (20.13322256856905, -0.01051051010378773, 0.4950931204411457, 0.0572164440599272)
Allocation:
[3, 2, 6, 0, 8, 0, 0, 0, 0, 1, 0, 3, 0, 6, 0, 0, 0, 0, 0, 0, 6, 2, 0, 0, 1, 1, 0, 1, 0, 0, 0, 2, 0, 0, 0, 0, 0, 0, 0, 0, 6, 0, 0, 8, 0, 1, 0, 0, 0, 0, 0, 2, 0, 1, 8, 0]
Fitness = (21.070094802745203, -0.011181972907926253, 0.50330853142622, 0.0573062660282686)
Allocation:
[3, 0, 0, 2, 8, 0, 0, 0, 1, 2, 2, 0, 0, 4, 0, 0, 0, 0, 0, 2, 6, 0, 0, 0, 0, 0, 2, 1, 0, 0, 0, 4, 7, 0, 0, 0, 2, 1, 0, 0, 6, 0, 0, 4, 0, 0, 0, 0, 0, 0, 0, 5, 0, 3, 8, 0]
Fitness = (13.945355191043477, -0.01033918249437661, 0.4950931204411457, 0.0573188506683122)
Allocation:
[0, 0, 6, 2, 8, 0, 0, 0, 0, 1, 2, 0, 0, 6, 0, 0, 0, 0, 0, 0, 6, 0, 0, 0, 0, 1, 0, 0, 0, 1, 0, 4, 0, 0, 0, 0, 1, 0, 0, 0, 6, 0, 0, 1, 0, 0, 0, 0, 0, 0, 0, 0, 0, 0, 2, 0]
Fitness = (16.920974526038776, -0.01018133599257358, 0.50330853142622, 0.0571779983289043)
Allocation:
[1, 1, 2, 0, 3, 0, 0, 0, 4, 1, 0, 0, 0, 1, 0, 0, 0, 0, 2, 0, 0, 0, 0, 0, 0, 1, 0, 0, 1, 0, 0, 12, 0, 1, 0, 0, 4, 1, 0, 0, 6, 0, 0, 3, 0, 0, 0, 0, 0, 0, 0, 5, 0, 0, 8, 0]
Fitness = (19.03052728277561, -0.010152258487756863, 0.50330853142622, 0.0571201308186705)
Allocation:
[7, 1, 3, 0, 3, 0, 2, 0, 5, 0, 0, 0, 0, 1, 0, 1, 1, 0, 0, 0, 0, 0, 0, 0, 0, 2, 0, 0, 1, 0, 0, 12, 0, 0, 0, 0, 0, 0, 0, 0, 6, 0, 1, 3, 0, 0, 0, 0, 0, 0, 0, 3, 1, 3, 8, 0]
Fitness = (21.52626101368094, -0.011298241186753835, 0.4950931204411457, 0.0572350975092346)
Allocation:
[4, 0, 0, 2, 8, 0, 0, 2, 0, 0, 1, 3, 0, 4, 0, 0, 0, 0, 0, 2, 6, 1, 0, 0, 0, 1, 0, 2, 0, 0, 0, 4, 0, 0, 0, 0, 4, 1, 0, 0, 6, 0, 1, 3, 0, 3, 0, 0, 2, 0, 0, 5, 0, 2, 8, 0]
Fitness = (17.42380761769183, -0.010590219380276928, 0.50330853142622, 0.0573114618926663)
Allocation:
[2, 0, 6, 1, 0, 0, 0, 0, 7, 3, 4, 1, 0, 2, 0, 0, 0, 0, 0, 0, 0, 0, 0, 0, 0, 4, 0, 3, 0, 0, 0, 8, 0, 1, 0, 0, 0, 0, 0, 0, 1, 0, 0, 3, 0, 0, 0, 0, 0, 0, 0, 5, 1, 0, 8, 0]


Seed = 0 
Population Size = 200 
Generations = 200 
Fitness = (15.420505837665717, -0.00977623481365501, 0.4921298858256668, 0.0575508639113454)
Allocation:
[0, 3, 3, 0, 7, 0, 0, 0, 0, 0, 0, 0, 0, 3, 0, 0, 0, 0, 0, 0, 13, 0, 0, 0, 0, 0, 0, 1, 0, 0, 0, 3, 0, 0, 0, 0, 0, 0, 0, 0, 7, 0, 0, 0, 0, 0, 0, 0, 0, 0, 0, 5, 0, 0, 6, 0]
Fitness = (22.481930282835474, -0.010111607631060457, 0.50330853142622, 0.0573121959837064)
Allocation:
[8, 3, 2, 0, 7, 0, 0, 0, 5, 0, 0, 2, 0, 3, 0, 0, 0, 1, 0, 0, 4, 0, 0, 0, 0, 6, 0, 0, 0, 0, 0, 3, 0, 0, 0, 0, 0, 0, 0, 0, 7, 0, 0, 14, 0, 0, 0, 0, 0, 0, 0, 1, 0, 3, 6, 0]
Fitness = (20.600114993769363, -0.009790479657768272, 0.50330853142622, 0.0571779611851835)
Allocation:
[8, 1, 3, 0, 7, 0, 0, 0, 3, 0, 0, 0, 0, 2, 0, 0, 0, 0, 0, 0, 6, 0, 0, 0, 0, 2, 0, 0, 0, 0, 0, 3, 0, 0, 0, 0, 0, 0, 0, 0, 7, 0, 0, 14, 1, 0, 0, 0, 0, 0, 0, 5, 0, 0, 6, 0]
Fitness = (22.50676435316331, -0.010062643235567315, 0.50330853142622, 0.0572080112342457)
Allocation:
[8, 3, 3, 0, 7, 0, 0, 0, 3, 0, 0, 0, 0, 2, 0, 0, 0, 0, 3, 0, 6, 0, 0, 0, 0, 2, 0, 0, 0, 0, 0, 3, 0, 0, 0, 0, 0, 0, 0, 0, 7, 0, 0, 14, 0, 0, 0, 0, 0, 0, 0, 5, 0, 3, 6, 0]
Fitness = (22.437653045521213, -0.010092537920532383, 0.50330853142622, 0.0573114618926663)
Allocation:
[8, 0, 2, 0, 7, 0, 0, 0, 5, 0, 2, 0, 0, 3, 0, 0, 0, 0, 0, 0, 4, 0, 0, 0, 0, 6, 0, 0, 0, 0, 0, 3, 0, 0, 0, 0, 0, 0, 0, 0, 7, 0, 0, 14, 0, 0, 0, 0, 0, 0, 0, 1, 4, 3, 6, 0]
Fitness = (21.788411250184545, -0.009825433990008505, 0.50330853142622, 0.0573121959837064)
Allocation:
[8, 0, 2, 0, 7, 0, 0, 0, 5, 0, 0, 0, 0, 3, 0, 0, 0, 0, 0, 0, 4, 0, 0, 0, 0, 6, 0, 0, 0, 0, 0, 3, 0, 0, 0, 0, 0, 0, 0, 0, 7, 0, 0, 14, 0, 0, 0, 0, 0, 0, 0, 7, 0, 0, 6, 0]
Fitness = (16.11929245596878, -0.010103276366487904, 0.4921298858256668, 0.0575508639113454)
Allocation:
[0, 3, 3, 0, 7, 0, 0, 0, 0, 0, 0, 0, 0, 3, 0, 0, 0, 0, 0, 0, 13, 0, 0, 0, 0, 0, 0, 4, 0, 0, 0, 3, 0, 0, 0, 0, 0, 0, 0, 0, 7, 0, 0, 0, 0, 0, 0, 0, 0, 0, 0, 5, 0, 0, 6, 0]
Fitness = (14.60556436526642, -0.009604745056764317, 0.4921298858256668, 0.057563072995139)
Allocation:
[0, 0, 3, 0, 7, 0, 0, 0, 0, 0, 0, 0, 0, 3, 0, 0, 0, 0, 0, 0, 13, 0, 0, 0, 0, 0, 0, 1, 0, 0, 0, 3, 0, 0, 0, 0, 0, 0, 0, 0, 7, 0, 0, 0, 0, 0, 0, 0, 0, 0, 0, 5, 0, 0, 6, 0]
Fitness = (20.590289284445287, -0.009817685344198057, 0.50330853142622, 0.0573121959837064)
Allocation:
[8, 0, 2, 0, 7, 0, 0, 0, 5, 0, 0, 0, 0, 3, 0, 0, 0, 0, 0, 0, 4, 0, 0, 0, 0, 0, 0, 0, 0, 0, 0, 4, 0, 0, 0, 0, 0, 0, 0, 0, 7, 0, 0, 14, 0, 0, 0, 0, 0, 0, 0, 5, 0, 3, 6, 0]
Fitness = (21.113451872867834, -0.010775265441653654, 0.4950931204411457, 0.0574815395324486)
Allocation:
[4, 4, 5, 1, 7, 0, 0, 0, 0, 0, 0, 3, 0, 3, 0, 0, 0, 0, 0, 3, 13, 0, 0, 0, 0, 1, 0, 0, 0, 0, 0, 5, 5, 0, 0, 0, 0, 0, 0, 0, 7, 0, 0, 0, 0, 0, 0, 0, 0, 0, 0, 5, 0, 0, 6, 0]
Fitness = (14.622834572387607, -0.00954301493010938, 0.50330853142622, 0.0573121959837064)
Allocation:
[8, 0, 3, 0, 7, 0, 0, 0, 2, 0, 0, 0, 0, 3, 0, 0, 0, 0, 0, 0, 4, 0, 0, 0, 0, 0, 0, 0, 0, 0, 0, 3, 0, 0, 0, 0, 0, 0, 0, 0, 7, 0, 0, 0, 0, 0, 0, 0, 0, 0, 0, 5, 0, 0, 6, 0]
Fitness = (14.60556436526642, -0.009604745056764317, 0.4921298858256668, 0.057563072995139)
Allocation:
[0, 0, 3, 0, 7, 0, 0, 0, 0, 0, 0, 0, 0, 3, 0, 0, 0, 0, 0, 0, 13, 0, 0, 0, 0, 0, 0, 1, 0, 0, 0, 3, 0, 0, 0, 0, 0, 0, 0, 0, 7, 0, 0, 0, 0, 0, 0, 0, 0, 0, 0, 5, 0, 0, 6, 0]
Fitness = (8.014253413205239, -0.008874328485666312, 0.4691383051224319, 0.057691294662709)
Allocation:
[0, 0, 5, 0, 0, 0, 0, 0, 0, 0, 0, 0, 0, 2, 0, 0, 0, 0, 0, 0, 5, 0, 0, 0, 0, 0, 0, 0, 0, 0, 0, 3, 0, 0, 0, 0, 0, 0, 0, 0, 0, 0, 0, 0, 0, 0, 0, 0, 0, 0, 0, 5, 0, 0, 6, 0]
Fitness = (15.619731717621377, -0.010082371966643579, 0.4921298858256668, 0.057563072995139)
Allocation:
[0, 0, 5, 1, 7, 0, 0, 1, 0, 0, 0, 0, 0, 3, 0, 0, 0, 0, 0, 0, 13, 0, 0, 0, 0, 0, 0, 1, 0, 0, 0, 3, 0, 0, 0, 0, 0, 0, 0, 0, 7, 0, 0, 0, 0, 0, 0, 0, 0, 0, 0, 5, 0, 0, 6, 0]
Fitness = (16.321769797519355, -0.00981961035237758, 0.4950931204411457, 0.0574932001823375)
Allocation:
[8, 1, 3, 0, 7, 0, 0, 0, 0, 0, 0, 0, 0, 2, 0, 0, 0, 0, 0, 0, 6, 0, 0, 0, 0, 5, 0, 1, 0, 0, 0, 3, 0, 0, 0, 0, 0, 0, 0, 0, 7, 0, 0, 0, 0, 0, 0, 0, 0, 0, 0, 5, 0, 0, 6, 0]
Fitness = (8.249761960671336, -0.009321319556541995, 0.4950931204411457, 0.0574932001823375)
Allocation:
[8, 0, 3, 0, 1, 0, 0, 0, 0, 0, 0, 0, 0, 2, 0, 0, 0, 0, 0, 0, 0, 0, 0, 0, 0, 1, 0, 0, 0, 0, 0, 3, 0, 0, 0, 0, 0, 0, 0, 0, 0, 0, 0, 0, 0, 0, 0, 0, 0, 0, 0, 7, 0, 0, 2, 0]
Fitness = (7.982206348322478, -0.009207088299713376, 0.4921298858256668, 0.0576877525931237)
Allocation:
[4, 0, 5, 0, 2, 0, 0, 0, 0, 0, 0, 0, 0, 1, 0, 0, 0, 0, 0, 0, 5, 0, 0, 0, 0, 0, 0, 0, 0, 0, 0, 3, 0, 0, 0, 0, 0, 0, 0, 0, 1, 0, 0, 0, 0, 0, 0, 0, 0, 0, 0, 0, 0, 0, 5, 0]
Fitness = (19.521538821195428, -0.00963951115145892, 0.4921298858256668, 0.0573870128118738)
Allocation:
[8, 1, 3, 0, 7, 0, 0, 0, 0, 0, 0, 0, 0, 2, 0, 0, 0, 0, 0, 0, 6, 0, 0, 0, 0, 0, 0, 0, 0, 0, 0, 3, 0, 0, 0, 0, 0, 0, 0, 0, 7, 0, 0, 14, 0, 0, 0, 0, 0, 0, 0, 7, 0, 0, 6, 0]
Fitness = (7.0753683418476685, -0.009043593749761146, 0.4921298858256668, 0.057691294662709)
Allocation:
[1, 0, 2, 0, 0, 0, 0, 0, 0, 0, 0, 0, 0, 0, 0, 0, 0, 0, 0, 0, 5, 0, 0, 0, 0, 0, 0, 0, 0, 0, 0, 3, 0, 0, 0, 0, 0, 0, 0, 0, 1, 0, 0, 0, 0, 0, 0, 0, 0, 0, 0, 5, 0, 0, 6, 0]
Fitness = (20.128800920049002, -0.009650182320750959, 0.4950931204411457, 0.0573870128118738)
Allocation:
[8, 0, 3, 0, 7, 0, 0, 0, 0, 0, 0, 0, 0, 3, 0, 0, 0, 0, 0, 0, 6, 0, 0, 0, 0, 2, 0, 0, 0, 0, 0, 3, 0, 0, 0, 0, 0, 0, 0, 0, 7, 0, 0, 14, 0, 0, 0, 0, 0, 0, 0, 7, 0, 0, 6, 0]
Fitness = (22.50702107948622, -0.010044869953466812, 0.50330853142622, 0.0570460211986425)
Allocation:
[8, 5, 2, 0, 7, 0, 0, 0, 5, 0, 0, 0, 0, 7, 0, 0, 0, 0, 1, 0, 4, 0, 0, 0, 0, 1, 0, 0, 0, 0, 0, 3, 0, 0, 1, 0, 0, 0, 0, 0, 7, 0, 0, 14, 0, 0, 0, 0, 0, 0, 0, 7, 0, 2, 1, 0]
Fitness = (16.621791046271074, -0.009860833215228, 0.4950931204411457, 0.0574932001823375)
Allocation:
[8, 1, 3, 1, 7, 0, 0, 0, 0, 0, 0, 0, 0, 3, 0, 0, 0, 0, 0, 0, 6, 0, 0, 0, 0, 5, 0, 0, 0, 0, 0, 3, 0, 0, 0, 0, 0, 0, 0, 0, 7, 0, 0, 0, 0, 0, 0, 0, 0, 0, 0, 5, 0, 0, 6, 0]
Fitness = (15.420505837665717, -0.00977623481365501, 0.4921298858256668, 0.0575508639113454)
Allocation:
[0, 3, 3, 0, 7, 0, 0, 0, 0, 0, 0, 0, 0, 3, 0, 0, 0, 0, 0, 0, 13, 0, 0, 0, 0, 0, 0, 1, 0, 0, 0, 3, 0, 0, 0, 0, 0, 0, 0, 0, 7, 0, 0, 0, 0, 0, 0, 0, 0, 0, 0, 5, 0, 0, 6, 0]
Fitness = (20.405923835210224, -0.00968530561911144, 0.4950931204411457, 0.0573870128118738)
Allocation:
[8, 1, 3, 0, 7, 0, 0, 0, 0, 0, 0, 0, 0, 3, 0, 0, 0, 0, 0, 0, 6, 0, 0, 0, 0, 2, 0, 0, 0, 0, 0, 3, 0, 0, 0, 0, 0, 0, 0, 0, 7, 0, 0, 14, 0, 0, 0, 0, 0, 0, 0, 7, 0, 0, 6, 0]
Fitness = (18.623284241565425, -0.009574734830168661, 0.4921298858256668, 0.0573870128118738)
Allocation:
[8, 1, 3, 0, 7, 0, 0, 0, 0, 0, 0, 0, 0, 2, 0, 0, 0, 0, 0, 0, 0, 0, 0, 0, 0, 0, 0, 0, 0, 0, 0, 6, 0, 0, 0, 0, 0, 0, 0, 0, 7, 0, 0, 14, 0, 0, 0, 0, 0, 0, 0, 7, 0, 0, 6, 0]
Fitness = (13.763040639497138, -0.0094476744116948, 0.4950931204411457, 0.0574932001823375)
Allocation:
[4, 0, 5, 0, 7, 0, 0, 0, 0, 0, 0, 0, 0, 1, 0, 0, 0, 0, 0, 0, 5, 0, 0, 0, 0, 1, 0, 0, 0, 0, 0, 4, 0, 0, 0, 0, 0, 0, 0, 0, 7, 0, 0, 0, 0, 0, 0, 0, 0, 0, 0, 5, 0, 0, 6, 0]
Fitness = (15.267854995487323, -0.00950343466848948, 0.4921298858256668, 0.0575508639113454)
Allocation:
[8, 1, 3, 0, 7, 0, 0, 0, 0, 0, 0, 0, 0, 4, 0, 0, 0, 0, 0, 0, 6, 0, 0, 0, 0, 0, 0, 0, 0, 0, 0, 3, 0, 0, 0, 0, 0, 0, 0, 0, 7, 0, 0, 0, 0, 0, 0, 0, 0, 0, 0, 5, 0, 0, 6, 0]
Fitness = (18.634368428987482, -0.009600207189395693, 0.4921298858256668, 0.0573870128118738)
Allocation:
[8, 0, 2, 0, 7, 0, 0, 0, 0, 0, 0, 0, 0, 3, 0, 0, 0, 0, 0, 0, 4, 0, 0, 0, 0, 0, 0, 0, 0, 0, 0, 3, 0, 0, 0, 0, 0, 0, 0, 0, 7, 0, 0, 14, 0, 0, 0, 0, 0, 0, 0, 7, 0, 0, 6, 0]
Fitness = (18.62947845938057, -0.009582323582178628, 0.4950931204411457, 0.0573870128118738)
Allocation:
[8, 0, 0, 0, 7, 0, 0, 0, 0, 0, 0, 0, 0, 2, 0, 0, 0, 0, 0, 0, 4, 0, 0, 0, 0, 1, 0, 0, 0, 0, 0, 5, 0, 0, 0, 0, 0, 0, 0, 0, 7, 0, 0, 14, 0, 0, 0, 0, 0, 0, 0, 7, 0, 0, 6, 0]
Fitness = (9.824238468545623, -0.009204582158201169, 0.4920166244404227, 0.0576877525931237)
Allocation:
[4, 0, 5, 0, 3, 0, 0, 0, 0, 0, 0, 0, 0, 1, 0, 0, 0, 0, 0, 0, 5, 0, 0, 0, 0, 0, 0, 0, 0, 0, 0, 3, 0, 0, 0, 0, 0, 0, 0, 0, 0, 0, 0, 0, 0, 0, 0, 0, 0, 0, 0, 5, 0, 0, 6, 0]
Fitness = (14.60556436526642, -0.009604745056764317, 0.4921298858256668, 0.057563072995139)
Allocation:
[0, 0, 3, 0, 7, 0, 0, 0, 0, 0, 0, 0, 0, 3, 0, 0, 0, 0, 0, 0, 13, 0, 0, 0, 0, 0, 0, 1, 0, 0, 0, 3, 0, 0, 0, 0, 0, 0, 0, 0, 7, 0, 0, 0, 0, 0, 0, 0, 0, 0, 0, 5, 0, 0, 6, 0]
Fitness = (22.34598824506978, -0.009917522879174138, 0.4950931204411457, 0.0573870128118738)
Allocation:
[1, 2, 5, 0, 7, 0, 0, 0, 0, 0, 0, 3, 0, 3, 0, 0, 0, 0, 0, 1, 13, 0, 0, 0, 0, 1, 0, 0, 0, 0, 0, 4, 0, 0, 0, 0, 0, 0, 0, 0, 7, 0, 0, 14, 0, 0, 0, 0, 0, 0, 0, 7, 0, 0, 6, 0]
Fitness = (16.621791046271074, -0.009860833215228, 0.4950931204411457, 0.0574932001823375)
Allocation:
[8, 1, 3, 1, 7, 0, 0, 0, 0, 0, 0, 0, 0, 3, 0, 0, 0, 0, 0, 0, 6, 0, 0, 0, 0, 5, 0, 0, 0, 0, 0, 3, 0, 0, 0, 0, 0, 0, 0, 0, 7, 0, 0, 0, 0, 0, 0, 0, 0, 0, 0, 5, 0, 0, 6, 0]
Fitness = (17.11632528430198, -0.009556647939842766, 0.4921298858256668, 0.0573870128118738)
Allocation:
[8, 0, 0, 0, 7, 0, 0, 0, 0, 0, 0, 0, 0, 3, 0, 0, 0, 0, 0, 0, 4, 0, 0, 0, 0, 0, 0, 0, 0, 0, 0, 5, 0, 0, 0, 0, 0, 0, 0, 0, 7, 0, 0, 14, 0, 0, 0, 0, 0, 0, 0, 7, 0, 0, 1, 0]
Fitness = (16.885982326078366, -0.010462809591482089, 0.4921298858256668, 0.0575508639113454)
Allocation:
[0, 2, 5, 3, 7, 0, 0, 0, 0, 0, 0, 0, 0, 3, 0, 0, 0, 0, 0, 2, 13, 0, 0, 0, 0, 0, 0, 1, 0, 0, 0, 3, 0, 0, 0, 0, 0, 0, 0, 0, 7, 0, 0, 0, 0, 0, 0, 0, 0, 0, 0, 5, 0, 0, 6, 0]
Fitness = (19.581818765982927, -0.010407998211790169, 0.4950931204411457, 0.0574815395324486)
Allocation:
[4, 4, 5, 1, 7, 0, 0, 1, 0, 0, 0, 1, 0, 3, 0, 0, 0, 0, 0, 3, 13, 0, 0, 0, 0, 1, 0, 0, 0, 0, 0, 5, 0, 0, 0, 0, 0, 0, 0, 0, 7, 0, 0, 0, 0, 0, 0, 0, 0, 0, 0, 5, 0, 0, 6, 0]
Fitness = (7.982206348322478, -0.009207088299713376, 0.4921298858256668, 0.0576877525931237)
Allocation:
[4, 0, 5, 0, 2, 0, 0, 0, 0, 0, 0, 0, 0, 1, 0, 0, 0, 0, 0, 0, 5, 0, 0, 0, 0, 0, 0, 0, 0, 0, 0, 3, 0, 0, 0, 0, 0, 0, 0, 0, 1, 0, 0, 0, 0, 0, 0, 0, 0, 0, 0, 5, 0, 0, 0, 0]
Fitness = (20.411793962121795, -0.010494746300031974, 0.4950931204411457, 0.0574665532704935)
Allocation:
[4, 4, 5, 1, 7, 0, 0, 0, 0, 0, 0, 1, 0, 3, 0, 0, 0, 1, 0, 3, 13, 0, 0, 0, 0, 1, 0, 0, 0, 0, 0, 5, 1, 0, 0, 0, 0, 0, 0, 0, 7, 0, 0, 0, 0, 0, 0, 0, 0, 0, 0, 7, 0, 0, 6, 0]
Fitness = (11.658473777645021, -0.009259328794637842, 0.4920166244404227, 0.0576877525931237)
Allocation:
[8, 0, 0, 0, 7, 0, 0, 0, 0, 0, 0, 0, 0, 3, 0, 0, 0, 0, 0, 0, 4, 0, 0, 0, 0, 0, 0, 0, 0, 0, 0, 5, 0, 0, 0, 0, 0, 0, 0, 0, 0, 0, 0, 0, 0, 0, 0, 0, 0, 0, 0, 5, 0, 0, 6, 0]
Fitness = (16.621791046271074, -0.009860833215228, 0.4950931204411457, 0.0574932001823375)
Allocation:
[8, 1, 3, 1, 7, 0, 0, 0, 0, 0, 0, 0, 0, 3, 0, 0, 0, 0, 0, 0, 6, 0, 0, 0, 0, 5, 0, 0, 0, 0, 0, 3, 0, 0, 0, 0, 0, 0, 0, 0, 7, 0, 0, 0, 0, 0, 0, 0, 0, 0, 0, 5, 0, 0, 6, 0]
Fitness = (16.534372814995795, -0.010035112553199766, 0.4921298858256668, 0.0575020500876935)
Allocation:
[5, 2, 4, 0, 7, 0, 0, 0, 0, 0, 0, 0, 0, 3, 0, 0, 0, 0, 0, 0, 13, 0, 0, 0, 0, 0, 0, 1, 0, 0, 0, 1, 1, 0, 0, 0, 0, 0, 0, 0, 7, 0, 0, 0, 0, 0, 0, 0, 0, 0, 0, 5, 0, 0, 6, 0]
Fitness = (11.658473777645021, -0.009259328794637842, 0.4920166244404227, 0.0576877525931237)
Allocation:
[8, 0, 0, 0, 7, 0, 0, 0, 0, 0, 0, 0, 0, 3, 0, 0, 0, 0, 0, 0, 4, 0, 0, 0, 0, 0, 0, 0, 0, 0, 0, 5, 0, 0, 0, 0, 0, 0, 0, 0, 0, 0, 0, 0, 0, 0, 0, 0, 0, 0, 0, 5, 0, 0, 6, 0]
Fitness = (20.618645075041485, -0.009784792455451333, 0.4950931204411457, 0.0569099557087213)
Allocation:
[4, 1, 3, 0, 7, 0, 0, 0, 0, 0, 0, 0, 0, 3, 0, 0, 0, 0, 0, 0, 6, 0, 0, 0, 0, 5, 0, 0, 0, 0, 0, 3, 0, 0, 0, 0, 0, 0, 0, 0, 7, 0, 0, 14, 0, 0, 0, 0, 0, 0, 0, 7, 0, 0, 6, 2]
Fitness = (20.362069464364616, -0.01055576199361944, 0.4950931204411457, 0.0574815395324486)
Allocation:
[4, 4, 5, 1, 7, 0, 0, 1, 0, 0, 0, 3, 0, 3, 0, 0, 0, 0, 0, 3, 13, 0, 0, 0, 0, 1, 0, 0, 0, 0, 0, 5, 1, 0, 0, 0, 0, 0, 0, 0, 7, 0, 0, 0, 0, 0, 0, 0, 0, 0, 0, 5, 0, 0, 6, 0]
Fitness = (16.621791046271074, -0.009860833215228, 0.4950931204411457, 0.0574932001823375)
Allocation:
[8, 1, 3, 1, 7, 0, 0, 0, 0, 0, 0, 0, 0, 3, 0, 0, 0, 0, 0, 0, 6, 0, 0, 0, 0, 5, 0, 0, 0, 0, 0, 3, 0, 0, 0, 0, 0, 0, 0, 0, 7, 0, 0, 0, 0, 0, 0, 0, 0, 0, 0, 5, 0, 0, 6, 0]
Fitness = (15.420505837665717, -0.00977623481365501, 0.4921298858256668, 0.0575508639113454)
Allocation:
[0, 3, 3, 0, 7, 0, 0, 0, 0, 0, 0, 0, 0, 3, 0, 0, 0, 0, 0, 0, 13, 0, 0, 0, 0, 0, 0, 1, 0, 0, 0, 3, 0, 0, 0, 0, 0, 0, 0, 0, 7, 0, 0, 0, 0, 0, 0, 0, 0, 0, 0, 5, 0, 0, 6, 0]
Fitness = (9.524876011656415, -0.009138774695088229, 0.4920166244404227, 0.0576877525931237)
Allocation:
[4, 0, 5, 0, 2, 0, 0, 0, 0, 0, 0, 0, 0, 1, 0, 0, 0, 0, 0, 0, 5, 0, 0, 0, 0, 0, 0, 0, 0, 0, 0, 3, 0, 0, 0, 0, 0, 0, 0, 0, 0, 0, 0, 0, 0, 0, 0, 0, 0, 0, 0, 5, 0, 0, 6, 0]
Fitness = (20.64343869166648, -0.009807274204251436, 0.4950931204411457, 0.0573587763672343)
Allocation:
[8, 1, 3, 0, 7, 0, 0, 0, 0, 0, 0, 0, 0, 3, 0, 0, 0, 0, 0, 0, 6, 0, 0, 0, 0, 2, 0, 0, 0, 0, 0, 3, 0, 0, 0, 0, 0, 0, 0, 0, 7, 0, 0, 14, 0, 0, 0, 0, 0, 0, 0, 5, 0, 3, 6, 0]
Fitness = (15.568579012521758, -0.009529180241339853, 0.4950931204411457, 0.0574932001823375)
Allocation:
[8, 0, 3, 0, 7, 0, 0, 0, 0, 0, 0, 0, 0, 2, 0, 0, 0, 0, 0, 0, 6, 0, 0, 0, 0, 2, 0, 0, 0, 0, 0, 3, 0, 0, 0, 0, 0, 0, 0, 0, 7, 0, 0, 0, 0, 0, 0, 0, 0, 0, 0, 7, 0, 0, 6, 0]
Fitness = (17.15417608388117, -0.00991301171491083, 0.4950931204411457, 0.0574932001823375)
Allocation:
[1, 4, 3, 1, 7, 0, 0, 0, 0, 0, 0, 0, 0, 3, 0, 0, 0, 0, 0, 0, 13, 0, 0, 0, 0, 1, 0, 1, 0, 0, 0, 5, 0, 0, 0, 0, 0, 0, 0, 0, 7, 0, 0, 0, 0, 0, 0, 0, 0, 0, 0, 5, 0, 0, 6, 0]
Fitness = (16.77712429173849, -0.009630210663738602, 0.50330853142622, 0.0573121959837064)
Allocation:
[8, 0, 2, 0, 7, 0, 0, 0, 1, 0, 0, 0, 0, 1, 0, 0, 0, 0, 0, 0, 4, 0, 0, 0, 0, 0, 0, 0, 0, 0, 0, 3, 0, 0, 0, 0, 0, 0, 0, 0, 7, 0, 0, 14, 0, 0, 0, 0, 0, 0, 0, 7, 0, 0, 1, 0]
Fitness = (15.228424650094144, -0.009580261403108388, 0.50330853142622, 0.0573121959837064)
Allocation:
[8, 0, 3, 0, 7, 0, 0, 0, 1, 0, 0, 0, 0, 2, 0, 0, 0, 0, 0, 0, 6, 0, 0, 0, 0, 2, 0, 0, 0, 0, 0, 3, 0, 0, 0, 0, 0, 0, 0, 0, 7, 0, 0, 0, 0, 0, 0, 0, 0, 0, 0, 5, 0, 0, 6, 0]
Fitness = (17.417962519196887, -0.01058475443071664, 0.4921298858256668, 0.0575020500876935)
Allocation:
[0, 2, 5, 3, 7, 0, 0, 0, 0, 0, 0, 0, 0, 2, 0, 0, 0, 0, 0, 2, 13, 0, 0, 0, 0, 0, 0, 1, 0, 0, 0, 3, 1, 0, 0, 0, 0, 0, 0, 0, 7, 0, 0, 0, 0, 0, 0, 0, 0, 0, 0, 7, 0, 0, 6, 0]
Fitness = (18.634368428987482, -0.009600207189395693, 0.4921298858256668, 0.0573870128118738)
Allocation:
[8, 0, 2, 0, 7, 0, 0, 0, 0, 0, 0, 0, 0, 3, 0, 0, 0, 0, 0, 0, 4, 0, 0, 0, 0, 0, 0, 0, 0, 0, 0, 3, 0, 0, 0, 0, 0, 0, 0, 0, 7, 0, 0, 14, 0, 0, 0, 0, 0, 0, 0, 7, 0, 0, 6, 0]
Fitness = (18.678654847845518, -0.010509054468356182, 0.4950931204411457, 0.0574932001823375)
Allocation:
[1, 4, 5, 1, 7, 0, 0, 3, 0, 0, 0, 0, 0, 3, 0, 0, 0, 0, 0, 0, 13, 0, 0, 0, 0, 6, 0, 0, 0, 0, 0, 2, 0, 0, 0, 0, 0, 0, 0, 0, 7, 0, 0, 0, 0, 0, 0, 0, 0, 0, 0, 5, 0, 0, 6, 0]
Fitness = (22.650045473749685, -0.009892704429795904, 0.4950931204411457, 0.0572350975092346)
Allocation:
[1, 3, 5, 0, 7, 0, 0, 0, 0, 0, 0, 3, 0, 3, 0, 0, 0, 0, 0, 0, 13, 0, 0, 0, 0, 1, 0, 0, 0, 0, 0, 4, 0, 0, 0, 0, 0, 0, 0, 0, 7, 0, 1, 14, 0, 0, 0, 0, 0, 0, 0, 7, 0, 0, 6, 0]
Fitness = (16.957894965830043, -0.01036731954793787, 0.4921298858256668, 0.0575020500876935)
Allocation:
[5, 2, 4, 0, 7, 0, 0, 0, 0, 0, 0, 0, 0, 3, 0, 0, 0, 0, 0, 2, 13, 0, 0, 0, 0, 0, 0, 1, 0, 0, 0, 1, 1, 0, 0, 0, 0, 0, 0, 0, 7, 0, 0, 0, 0, 0, 0, 0, 0, 0, 0, 5, 0, 0, 6, 0]
Fitness = (14.60556436526642, -0.009604745056764317, 0.4921298858256668, 0.057563072995139)
Allocation:
[0, 0, 3, 0, 7, 0, 0, 0, 0, 0, 0, 0, 0, 3, 0, 0, 0, 0, 0, 0, 13, 0, 0, 0, 0, 0, 0, 1, 0, 0, 0, 3, 0, 0, 0, 0, 0, 0, 0, 0, 7, 0, 0, 0, 0, 0, 0, 0, 0, 0, 0, 5, 0, 0, 6, 0]
Fitness = (16.534372814995795, -0.010035112553199766, 0.4921298858256668, 0.0575020500876935)
Allocation:
[5, 2, 4, 0, 7, 0, 0, 0, 0, 0, 0, 0, 0, 3, 0, 0, 0, 0, 0, 0, 13, 0, 0, 0, 0, 0, 0, 1, 0, 0, 0, 1, 1, 0, 0, 0, 0, 0, 0, 0, 7, 0, 0, 0, 0, 0, 0, 0, 0, 0, 0, 5, 0, 0, 6, 0]
Fitness = (13.78909979735743, -0.009365497886041463, 0.4921298858256668, 0.0576877525931237)
Allocation:
[8, 0, 0, 0, 7, 0, 0, 0, 0, 0, 0, 0, 0, 3, 0, 0, 0, 0, 0, 0, 4, 0, 0, 0, 0, 0, 0, 0, 0, 0, 0, 5, 0, 0, 0, 0, 0, 0, 0, 0, 7, 0, 0, 0, 0, 0, 0, 0, 0, 0, 0, 5, 0, 0, 6, 0]
Fitness = (14.622834572387607, -0.00954301493010938, 0.50330853142622, 0.0573121959837064)
Allocation:
[8, 0, 3, 0, 7, 0, 0, 0, 2, 0, 0, 0, 0, 3, 0, 0, 0, 0, 0, 0, 4, 0, 0, 0, 0, 0, 0, 0, 0, 0, 0, 3, 0, 0, 0, 0, 0, 0, 0, 0, 7, 0, 0, 0, 0, 0, 0, 0, 0, 0, 0, 5, 0, 0, 6, 0]
Fitness = (19.367428712781088, -0.010254094049715883, 0.4950931204411457, 0.0574815395324486)
Allocation:
[4, 4, 5, 1, 7, 0, 0, 0, 0, 0, 0, 1, 0, 3, 0, 0, 0, 0, 0, 3, 13, 0, 0, 0, 0, 1, 0, 0, 0, 0, 0, 5, 0, 0, 0, 0, 0, 0, 0, 0, 7, 0, 0, 0, 0, 0, 0, 0, 0, 0, 0, 5, 0, 0, 6, 0]
Fitness = (17.03244938424039, -0.010780815680617575, 0.4921298858256668, 0.0575508639113454)
Allocation:
[0, 1, 5, 3, 7, 0, 0, 2, 0, 0, 0, 0, 0, 3, 0, 0, 0, 0, 0, 2, 13, 0, 0, 0, 0, 0, 0, 1, 0, 0, 0, 3, 0, 0, 0, 0, 0, 0, 0, 0, 7, 0, 0, 0, 0, 0, 0, 0, 0, 0, 0, 5, 0, 0, 6, 0]
Fitness = (20.292066653744037, -0.009792184704389098, 0.50330853142622, 0.0573121959837064)
Allocation:
[8, 1, 3, 0, 7, 0, 0, 0, 5, 0, 0, 0, 0, 3, 0, 0, 0, 0, 0, 0, 6, 0, 0, 0, 0, 2, 0, 0, 0, 0, 0, 3, 0, 0, 0, 0, 0, 0, 0, 0, 7, 0, 0, 14, 0, 0, 0, 0, 0, 0, 0, 2, 0, 0, 6, 0]
Fitness = (18.387958160563983, -0.010440546974770403, 0.4950931204411457, 0.0574932001823375)
Allocation:
[2, 1, 5, 3, 7, 0, 0, 0, 0, 0, 0, 0, 0, 3, 0, 0, 0, 0, 0, 2, 13, 0, 0, 0, 0, 4, 0, 1, 0, 0, 0, 3, 0, 0, 0, 0, 0, 0, 0, 0, 7, 0, 0, 0, 0, 0, 0, 0, 0, 0, 0, 5, 0, 0, 6, 0]
Fitness = (16.321769797519355, -0.00981961035237758, 0.4950931204411457, 0.0574932001823375)
Allocation:
[8, 1, 3, 0, 7, 0, 0, 0, 0, 0, 0, 0, 0, 2, 0, 0, 0, 0, 0, 0, 6, 0, 0, 0, 0, 5, 0, 1, 0, 0, 0, 3, 0, 0, 0, 0, 0, 0, 0, 0, 7, 0, 0, 0, 0, 0, 0, 0, 0, 0, 0, 5, 0, 0, 6, 0]
Fitness = (15.228424650094144, -0.009580261403108388, 0.50330853142622, 0.0573121959837064)
Allocation:
[8, 0, 3, 0, 7, 0, 0, 0, 1, 0, 0, 0, 0, 2, 0, 0, 0, 0, 0, 0, 6, 0, 0, 0, 0, 2, 0, 0, 0, 0, 0, 3, 0, 0, 0, 0, 0, 0, 0, 0, 7, 0, 0, 0, 0, 0, 0, 0, 0, 0, 0, 5, 0, 0, 6, 0]
Fitness = (14.674864599387732, -0.009482710490874437, 0.4950931204411457, 0.0573870128118738)
Allocation:
[4, 0, 5, 0, 7, 0, 0, 0, 0, 0, 0, 0, 0, 0, 0, 0, 0, 0, 0, 0, 5, 0, 0, 0, 0, 1, 0, 0, 0, 0, 0, 4, 0, 0, 0, 0, 0, 0, 0, 0, 7, 0, 0, 2, 0, 0, 0, 0, 0, 0, 0, 7, 0, 0, 6, 0]
Fitness = (14.60556436526642, -0.009604745056764317, 0.4921298858256668, 0.057563072995139)
Allocation:
[0, 0, 3, 0, 7, 0, 0, 0, 0, 0, 0, 0, 0, 3, 0, 0, 0, 0, 0, 0, 13, 0, 0, 0, 0, 0, 0, 1, 0, 0, 0, 3, 0, 0, 0, 0, 0, 0, 0, 0, 7, 0, 0, 0, 0, 0, 0, 0, 0, 0, 0, 5, 0, 0, 6, 0]
Fitness = (14.042295430841628, -0.00947409052577608, 0.50330853142622, 0.0573121959837064)
Allocation:
[8, 0, 0, 0, 7, 0, 0, 0, 1, 0, 0, 0, 0, 2, 0, 0, 0, 0, 0, 0, 4, 0, 0, 0, 0, 1, 0, 0, 0, 0, 0, 5, 0, 0, 0, 0, 0, 0, 0, 0, 7, 0, 0, 0, 0, 0, 0, 0, 0, 0, 0, 5, 0, 0, 6, 0]
Fitness = (17.03244938424039, -0.010780815680617575, 0.4921298858256668, 0.0575508639113454)
Allocation:
[0, 1, 5, 3, 7, 0, 0, 2, 0, 0, 0, 0, 0, 3, 0, 0, 0, 0, 0, 2, 13, 0, 0, 0, 0, 0, 0, 1, 0, 0, 0, 3, 0, 0, 0, 0, 0, 0, 0, 0, 7, 0, 0, 0, 0, 0, 0, 0, 0, 0, 0, 5, 0, 0, 6, 0]
Fitness = (16.134084711069974, -0.009581608571393632, 0.4950931204411457, 0.0574932001823375)
Allocation:
[0, 2, 5, 0, 7, 0, 0, 0, 0, 0, 0, 0, 0, 3, 0, 0, 0, 0, 0, 0, 13, 0, 0, 0, 0, 1, 0, 0, 0, 0, 0, 4, 0, 0, 0, 0, 0, 0, 0, 0, 7, 0, 0, 0, 0, 0, 0, 0, 0, 0, 0, 5, 0, 0, 6, 0]
Fitness = (16.6023389650556, -0.010453727814321752, 0.4921298858256668, 0.0575508639113454)
Allocation:
[0, 1, 5, 3, 7, 0, 0, 0, 0, 0, 0, 0, 0, 3, 0, 0, 0, 0, 0, 2, 13, 0, 0, 0, 0, 0, 0, 1, 0, 0, 0, 3, 0, 0, 0, 0, 0, 0, 0, 0, 7, 0, 0, 0, 0, 0, 0, 0, 0, 0, 0, 5, 0, 0, 6, 0]
Fitness = (20.07834807983901, -0.009692644480909635, 0.50330853142622, 0.0573121959837064)
Allocation:
[8, 1, 3, 0, 7, 0, 0, 0, 2, 0, 0, 0, 0, 2, 0, 0, 0, 0, 0, 0, 6, 0, 0, 0, 0, 0, 0, 0, 0, 0, 0, 3, 0, 0, 0, 0, 0, 0, 0, 0, 7, 0, 0, 14, 0, 0, 0, 0, 0, 0, 0, 7, 0, 0, 6, 0]
Fitness = (15.619731717621377, -0.010082371966643579, 0.4921298858256668, 0.057563072995139)
Allocation:
[0, 0, 5, 1, 7, 0, 0, 1, 0, 0, 0, 0, 0, 3, 0, 0, 0, 0, 0, 0, 13, 0, 0, 0, 0, 0, 0, 1, 0, 0, 0, 3, 0, 0, 0, 0, 0, 0, 0, 0, 7, 0, 0, 0, 0, 0, 0, 0, 0, 0, 0, 5, 0, 0, 6, 0]
Fitness = (22.365001649364398, -0.009892472714969926, 0.50330853142622, 0.0573121959837064)
Allocation:
[8, 1, 3, 1, 7, 0, 0, 0, 3, 0, 0, 0, 0, 3, 0, 0, 0, 0, 0, 0, 6, 0, 0, 0, 0, 5, 0, 0, 0, 0, 0, 3, 0, 0, 0, 0, 0, 0, 0, 0, 7, 0, 0, 14, 0, 0, 0, 0, 0, 0, 0, 7, 0, 0, 6, 0]
Fitness = (16.349858819090713, -0.009774204563453516, 0.4950931204411457, 0.0574815395324486)
Allocation:
[8, 1, 3, 0, 7, 0, 0, 0, 0, 0, 0, 1, 0, 2, 0, 0, 0, 0, 0, 0, 6, 0, 0, 0, 0, 5, 0, 0, 0, 0, 0, 3, 0, 0, 0, 0, 0, 0, 0, 0, 7, 0, 0, 0, 0, 0, 0, 0, 0, 0, 0, 5, 0, 0, 6, 0]
Fitness = (15.619731717621377, -0.010082371966643579, 0.4921298858256668, 0.057563072995139)
Allocation:
[0, 0, 5, 1, 7, 0, 0, 1, 0, 0, 0, 0, 0, 3, 0, 0, 0, 0, 0, 0, 13, 0, 0, 0, 0, 0, 0, 1, 0, 0, 0, 3, 0, 0, 0, 0, 0, 0, 0, 0, 7, 0, 0, 0, 0, 0, 0, 0, 0, 0, 0, 5, 0, 0, 6, 0]
Fitness = (18.387958160563983, -0.010440546974770403, 0.4950931204411457, 0.0574932001823375)
Allocation:
[2, 1, 5, 3, 7, 0, 0, 0, 0, 0, 0, 0, 0, 3, 0, 0, 0, 0, 0, 2, 13, 0, 0, 0, 0, 4, 0, 1, 0, 0, 0, 3, 0, 0, 0, 0, 0, 0, 0, 0, 7, 0, 0, 0, 0, 0, 0, 0, 0, 0, 0, 5, 0, 0, 6, 0]
Fitness = (12.850534450395063, -0.009419279614885631, 0.4950931204411457, 0.0574932001823375)
Allocation:
[8, 0, 0, 0, 7, 0, 0, 0, 0, 0, 0, 0, 0, 2, 0, 0, 0, 0, 0, 0, 1, 0, 0, 0, 0, 1, 0, 0, 0, 0, 0, 5, 0, 0, 0, 0, 0, 0, 0, 0, 7, 0, 0, 0, 0, 0, 0, 0, 0, 0, 0, 5, 0, 0, 6, 0]
Fitness = (17.80991823969939, -0.009815557102419365, 0.4950931204411457, 0.0574815395324486)
Allocation:
[1, 2, 5, 0, 7, 0, 0, 0, 0, 0, 0, 3, 0, 5, 0, 0, 0, 0, 0, 0, 13, 0, 0, 0, 0, 1, 0, 0, 0, 0, 0, 4, 0, 0, 0, 0, 0, 0, 0, 0, 7, 0, 0, 0, 0, 0, 0, 0, 0, 0, 0, 5, 0, 0, 6, 0]
Fitness = (22.109498697499856, -0.009816773011395481, 0.4950931204411457, 0.0573870128118738)
Allocation:
[1, 2, 5, 0, 7, 0, 0, 0, 0, 0, 0, 3, 0, 3, 0, 0, 0, 0, 0, 0, 13, 0, 0, 0, 0, 1, 0, 0, 0, 0, 0, 4, 0, 0, 0, 0, 0, 0, 0, 0, 7, 0, 0, 14, 0, 0, 0, 0, 0, 0, 0, 7, 0, 0, 6, 0]
Fitness = (19.49584865705187, -0.0096580384890283, 0.50330853142622, 0.0573121959837064)
Allocation:
[8, 0, 3, 0, 7, 0, 0, 0, 2, 0, 0, 0, 0, 3, 0, 0, 0, 0, 0, 0, 4, 0, 0, 0, 0, 0, 0, 0, 0, 0, 0, 3, 0, 0, 0, 0, 0, 0, 0, 0, 7, 0, 0, 14, 0, 0, 0, 0, 0, 0, 0, 7, 0, 0, 6, 0]
Fitness = (15.619731717621377, -0.010082371966643579, 0.4921298858256668, 0.057563072995139)
Allocation:
[0, 0, 5, 1, 7, 0, 0, 1, 0, 0, 0, 0, 0, 3, 0, 0, 0, 0, 0, 0, 13, 0, 0, 0, 0, 0, 0, 1, 0, 0, 0, 3, 0, 0, 0, 0, 0, 0, 0, 0, 7, 0, 0, 0, 0, 0, 0, 0, 0, 0, 0, 5, 0, 0, 6, 0]
Fitness = (11.034585390089102, -0.009346359975167199, 0.4921298858256668, 0.057691294662709)
Allocation:
[4, 0, 5, 0, 0, 0, 0, 0, 0, 0, 0, 0, 0, 1, 0, 0, 0, 0, 0, 0, 5, 0, 0, 0, 0, 0, 0, 0, 0, 0, 0, 3, 0, 0, 0, 0, 0, 0, 0, 0, 7, 0, 0, 0, 0, 0, 0, 0, 0, 0, 0, 5, 0, 0, 6, 0]
Fitness = (10.406251999298185, -0.009350564600335122, 0.4950931204411457, 0.0574932001823375)
Allocation:
[8, 0, 0, 0, 7, 0, 0, 0, 0, 0, 0, 0, 0, 2, 0, 0, 0, 0, 0, 0, 0, 0, 0, 0, 0, 1, 0, 0, 0, 0, 0, 5, 0, 0, 0, 0, 0, 0, 0, 0, 0, 0, 0, 0, 0, 0, 0, 0, 0, 0, 0, 5, 0, 0, 6, 0]
Fitness = (15.49571965092117, -0.00962671078672205, 0.50330853142622, 0.0569099557087213)
Allocation:
[8, 0, 3, 0, 7, 0, 0, 0, 1, 0, 0, 0, 0, 2, 0, 0, 0, 0, 0, 0, 6, 0, 0, 0, 0, 2, 0, 0, 0, 0, 0, 3, 0, 0, 0, 0, 0, 0, 0, 0, 7, 0, 0, 0, 0, 0, 0, 0, 0, 0, 0, 5, 0, 0, 6, 1]
Fitness = (8.867541537105161, -0.009546838946891728, 0.4921298858256668, 0.0576919729583211)
Allocation:
[0, 0, 5, 0, 0, 0, 0, 0, 0, 0, 0, 0, 0, 1, 0, 0, 0, 0, 0, 0, 5, 0, 0, 0, 0, 0, 0, 0, 0, 0, 0, 0, 0, 0, 0, 0, 0, 0, 0, 0, 7, 0, 0, 0, 0, 0, 0, 0, 0, 0, 0, 5, 0, 0, 6, 0]
Fitness = (12.205358620340059, -0.009458143027708484, 0.50330853142622, 0.0573121959837064)
Allocation:
[8, 0, 3, 0, 0, 0, 0, 0, 1, 0, 0, 0, 0, 3, 0, 0, 0, 0, 0, 0, 4, 0, 0, 0, 0, 0, 0, 0, 0, 0, 0, 3, 0, 0, 0, 0, 0, 0, 0, 0, 7, 0, 0, 0, 0, 0, 0, 0, 0, 0, 0, 5, 0, 0, 6, 0]
Fitness = (17.436245432734964, -0.009954235722548666, 0.4950931204411457, 0.0574932001823375)
Allocation:
[8, 5, 3, 0, 7, 0, 0, 0, 0, 0, 0, 0, 0, 2, 0, 0, 0, 0, 0, 0, 6, 0, 0, 0, 0, 5, 0, 1, 0, 0, 0, 3, 0, 0, 0, 0, 0, 0, 0, 0, 7, 0, 0, 0, 0, 0, 0, 0, 0, 0, 0, 5, 0, 0, 6, 0]
Fitness = (19.581818765982927, -0.010407998211790169, 0.4950931204411457, 0.0574815395324486)
Allocation:
[4, 4, 5, 1, 7, 0, 0, 1, 0, 0, 0, 1, 0, 3, 0, 0, 0, 0, 0, 3, 13, 0, 0, 0, 0, 1, 0, 0, 0, 0, 0, 5, 0, 0, 0, 0, 0, 0, 0, 0, 7, 0, 0, 0, 0, 0, 0, 0, 0, 0, 0, 5, 0, 0, 6, 0]
Fitness = (11.041209934242849, -0.009292309926499744, 0.4921298858256668, 0.0576877525931237)
Allocation:
[4, 0, 5, 0, 2, 0, 0, 0, 0, 0, 0, 0, 0, 1, 0, 0, 0, 0, 0, 0, 5, 0, 0, 0, 0, 0, 0, 0, 0, 0, 0, 3, 0, 0, 0, 0, 0, 0, 0, 0, 3, 0, 0, 0, 0, 0, 0, 0, 0, 0, 0, 7, 0, 0, 6, 0]
Fitness = (17.436245432734964, -0.009954235722548666, 0.4950931204411457, 0.0574932001823375)
Allocation:
[8, 5, 3, 0, 7, 0, 0, 0, 0, 0, 0, 0, 0, 2, 0, 0, 0, 0, 0, 0, 6, 0, 0, 0, 0, 5, 0, 1, 0, 0, 0, 3, 0, 0, 0, 0, 0, 0, 0, 0, 7, 0, 0, 0, 0, 0, 0, 0, 0, 0, 0, 5, 0, 0, 6, 0]
Fitness = (15.420505837665717, -0.00977623481365501, 0.4921298858256668, 0.0575508639113454)
Allocation:
[0, 3, 3, 0, 7, 0, 0, 0, 0, 0, 0, 0, 0, 3, 0, 0, 0, 0, 0, 0, 13, 0, 0, 0, 0, 0, 0, 1, 0, 0, 0, 3, 0, 0, 0, 0, 0, 0, 0, 0, 7, 0, 0, 0, 0, 0, 0, 0, 0, 0, 0, 5, 0, 0, 6, 0]
Fitness = (22.58106187651159, -0.010035910253016735, 0.4950931204411457, 0.0573870128118738)
Allocation:
[2, 4, 5, 1, 7, 0, 0, 0, 0, 0, 0, 0, 0, 3, 0, 0, 0, 0, 0, 0, 13, 0, 0, 0, 0, 1, 0, 1, 0, 0, 0, 3, 1, 0, 0, 0, 0, 0, 0, 0, 7, 0, 0, 14, 0, 0, 0, 0, 0, 0, 0, 7, 0, 0, 6, 0]
Fitness = (14.622834572387607, -0.00954301493010938, 0.50330853142622, 0.0573121959837064)
Allocation:
[8, 0, 3, 0, 7, 0, 0, 0, 2, 0, 0, 0, 0, 3, 0, 0, 0, 0, 0, 0, 4, 0, 0, 0, 0, 0, 0, 0, 0, 0, 0, 3, 0, 0, 0, 0, 0, 0, 0, 0, 7, 0, 0, 0, 0, 0, 0, 0, 0, 0, 0, 5, 0, 0, 6, 0]
Fitness = (18.295464498669773, -0.010025454965713734, 0.4950931204411457, 0.0574815395324486)
Allocation:
[1, 3, 5, 0, 7, 0, 0, 0, 0, 0, 0, 3, 0, 3, 0, 0, 0, 0, 0, 1, 13, 0, 0, 0, 0, 3, 0, 0, 0, 0, 0, 4, 0, 0, 0, 0, 0, 0, 0, 0, 7, 0, 0, 0, 0, 0, 0, 0, 0, 0, 0, 5, 0, 0, 6, 0]
Fitness = (16.321769797519355, -0.00981961035237758, 0.4950931204411457, 0.0574932001823375)
Allocation:
[8, 1, 3, 0, 7, 0, 0, 0, 0, 0, 0, 0, 0, 0, 0, 0, 0, 0, 0, 0, 6, 0, 0, 0, 0, 5, 0, 1, 0, 0, 0, 3, 0, 0, 0, 0, 0, 0, 0, 0, 7, 0, 0, 0, 0, 0, 0, 0, 0, 0, 0, 7, 0, 0, 6, 0]
Fitness = (15.649927943423585, -0.009898602290846272, 0.4921298858256668, 0.0575508639113454)
Allocation:
[0, 3, 3, 0, 7, 0, 0, 0, 0, 0, 0, 0, 0, 3, 0, 0, 0, 0, 0, 0, 13, 0, 0, 0, 0, 0, 0, 2, 0, 0, 0, 3, 0, 0, 0, 0, 0, 0, 0, 0, 7, 0, 0, 0, 0, 0, 0, 0, 0, 0, 0, 5, 0, 0, 6, 0]
Fitness = (19.162318787359364, -0.01070401362020658, 0.4950931204411457, 0.0574932001823375)
Allocation:
[1, 4, 5, 1, 7, 0, 0, 3, 0, 0, 0, 0, 0, 3, 0, 0, 0, 0, 0, 0, 13, 0, 0, 0, 0, 6, 0, 0, 0, 0, 0, 2, 2, 0, 0, 0, 0, 0, 0, 0, 7, 0, 0, 0, 0, 0, 0, 0, 0, 0, 0, 5, 0, 0, 6, 0]
Fitness = (14.60556436526642, -0.009604745056764317, 0.4921298858256668, 0.057563072995139)
Allocation:
[0, 0, 3, 0, 7, 0, 0, 0, 0, 0, 0, 0, 0, 3, 0, 0, 0, 0, 0, 0, 13, 0, 0, 0, 0, 0, 0, 1, 0, 0, 0, 3, 0, 0, 0, 0, 0, 0, 0, 0, 7, 0, 0, 0, 0, 0, 0, 0, 0, 0, 0, 5, 0, 0, 6, 0]
Fitness = (15.619731717621377, -0.010082371966643579, 0.4921298858256668, 0.057563072995139)
Allocation:
[0, 0, 5, 1, 7, 0, 0, 1, 0, 0, 0, 0, 0, 3, 0, 0, 0, 0, 0, 0, 13, 0, 0, 0, 0, 0, 0, 1, 0, 0, 0, 3, 0, 0, 0, 0, 0, 0, 0, 0, 7, 0, 0, 0, 0, 0, 0, 0, 0, 0, 0, 5, 0, 0, 6, 0]
Fitness = (16.346271238163617, -0.009820639728634614, 0.4950931204411457, 0.0574932001823375)
Allocation:
[8, 0, 3, 1, 7, 0, 0, 0, 0, 0, 0, 0, 0, 3, 0, 0, 0, 0, 0, 0, 6, 0, 0, 0, 0, 5, 0, 0, 0, 0, 0, 3, 0, 0, 0, 0, 0, 0, 0, 0, 7, 0, 0, 0, 0, 0, 0, 0, 0, 0, 0, 5, 0, 0, 6, 0]
Fitness = (15.420505837665717, -0.00977623481365501, 0.4921298858256668, 0.0575508639113454)
Allocation:
[0, 3, 3, 0, 7, 0, 0, 0, 0, 0, 0, 0, 0, 3, 0, 0, 0, 0, 0, 0, 13, 0, 0, 0, 0, 0, 0, 1, 0, 0, 0, 3, 0, 0, 0, 0, 0, 0, 0, 0, 7, 0, 0, 0, 0, 0, 0, 0, 0, 0, 0, 5, 0, 0, 6, 0]
Fitness = (19.162318787359364, -0.01070401362020658, 0.4950931204411457, 0.0574932001823375)
Allocation:
[1, 4, 5, 1, 7, 0, 0, 3, 0, 0, 0, 0, 0, 3, 0, 0, 0, 0, 0, 0, 13, 0, 0, 0, 0, 6, 0, 0, 0, 0, 0, 2, 2, 0, 0, 0, 0, 0, 0, 0, 7, 0, 0, 0, 0, 0, 0, 0, 0, 0, 0, 5, 0, 0, 6, 0]
Fitness = (11.658473777645021, -0.009259328794637842, 0.4920166244404227, 0.0576877525931237)
Allocation:
[8, 0, 0, 0, 7, 0, 0, 0, 0, 0, 0, 0, 0, 3, 0, 0, 0, 0, 0, 0, 4, 0, 0, 0, 0, 0, 0, 0, 0, 0, 0, 5, 0, 0, 0, 0, 0, 0, 0, 0, 0, 0, 0, 0, 0, 0, 0, 0, 0, 0, 0, 5, 0, 0, 6, 0]
Fitness = (15.228424650094144, -0.009580261403108388, 0.50330853142622, 0.0573121959837064)
Allocation:
[8, 0, 3, 0, 7, 0, 0, 0, 1, 0, 0, 0, 0, 2, 0, 0, 0, 0, 0, 0, 6, 0, 0, 0, 0, 2, 0, 0, 0, 0, 0, 3, 0, 0, 0, 0, 0, 0, 0, 0, 7, 0, 0, 0, 0, 0, 0, 0, 0, 0, 0, 5, 0, 0, 6, 0]
Fitness = (10.374491952203597, -0.009448567190282501, 0.50330853142622, 0.0573121959837064)
Allocation:
[8, 0, 2, 0, 7, 0, 0, 0, 1, 0, 0, 0, 0, 3, 0, 0, 0, 0, 0, 0, 4, 0, 0, 0, 0, 0, 0, 0, 0, 0, 0, 3, 0, 0, 0, 0, 0, 0, 0, 0, 0, 0, 0, 0, 0, 0, 0, 0, 0, 0, 0, 4, 0, 0, 2, 0]
Fitness = (14.353001886040506, -0.009486882909279466, 0.50330853142622, 0.0573121959837064)
Allocation:
[8, 0, 3, 0, 7, 0, 0, 0, 1, 0, 0, 0, 0, 3, 0, 0, 0, 0, 0, 0, 4, 0, 0, 0, 0, 0, 0, 0, 0, 0, 0, 3, 0, 0, 0, 0, 0, 0, 0, 0, 7, 0, 0, 0, 0, 0, 0, 0, 0, 0, 0, 5, 0, 0, 6, 0]
Fitness = (14.60556436526642, -0.009604745056764317, 0.4921298858256668, 0.057563072995139)
Allocation:
[0, 0, 3, 0, 7, 0, 0, 0, 0, 0, 0, 0, 0, 3, 0, 0, 0, 0, 0, 0, 13, 0, 0, 0, 0, 0, 0, 1, 0, 0, 0, 3, 0, 0, 0, 0, 0, 0, 0, 0, 7, 0, 0, 0, 0, 0, 0, 0, 0, 0, 0, 5, 0, 0, 6, 0]
Fitness = (11.017641478983752, -0.009364589733910068, 0.4950931204411457, 0.0574932001823375)
Allocation:
[8, 0, 0, 0, 7, 0, 0, 0, 0, 0, 0, 0, 0, 2, 0, 0, 0, 0, 0, 0, 1, 0, 0, 0, 0, 1, 0, 0, 0, 0, 0, 5, 0, 0, 0, 0, 0, 0, 0, 0, 1, 0, 0, 0, 0, 0, 0, 0, 0, 0, 0, 5, 0, 0, 6, 0]
Fitness = (15.420505837665717, -0.00977623481365501, 0.4921298858256668, 0.0575508639113454)
Allocation:
[0, 3, 3, 0, 7, 0, 0, 0, 0, 0, 0, 0, 0, 3, 0, 0, 0, 0, 0, 0, 13, 0, 0, 0, 0, 0, 0, 1, 0, 0, 0, 3, 0, 0, 0, 0, 0, 0, 0, 0, 7, 0, 0, 0, 0, 0, 0, 0, 0, 0, 0, 5, 0, 0, 6, 0]
Fitness = (15.994107119957725, -0.009950149357330264, 0.4921298858256668, 0.0575020500876935)
Allocation:
[5, 0, 4, 0, 7, 0, 0, 0, 0, 0, 0, 0, 0, 3, 0, 0, 0, 0, 0, 0, 13, 0, 0, 0, 0, 0, 0, 1, 0, 0, 0, 1, 1, 0, 0, 0, 0, 0, 0, 0, 7, 0, 0, 0, 0, 0, 0, 0, 0, 0, 0, 5, 0, 0, 6, 0]
Fitness = (15.619731717621377, -0.010082371966643579, 0.4921298858256668, 0.057563072995139)
Allocation:
[0, 0, 5, 1, 7, 0, 0, 1, 0, 0, 0, 0, 0, 3, 0, 0, 0, 0, 0, 0, 13, 0, 0, 0, 0, 0, 0, 1, 0, 0, 0, 3, 0, 0, 0, 0, 0, 0, 0, 0, 7, 0, 0, 0, 0, 0, 0, 0, 0, 0, 0, 5, 0, 0, 6, 0]
Fitness = (16.195972097412707, -0.01011354351491367, 0.4921298858256668, 0.0575508639113454)
Allocation:
[1, 1, 5, 1, 7, 0, 0, 1, 0, 0, 0, 0, 0, 3, 0, 0, 0, 0, 0, 0, 13, 0, 0, 0, 0, 0, 0, 1, 0, 0, 0, 3, 0, 0, 0, 0, 0, 0, 0, 0, 7, 0, 0, 0, 0, 0, 0, 0, 0, 0, 0, 5, 0, 0, 6, 0]
Fitness = (15.683717573997018, -0.0099348116445655, 0.4921298858256668, 0.0575508639113454)
Allocation:
[8, 1, 3, 0, 7, 0, 0, 0, 0, 0, 0, 0, 0, 4, 0, 0, 0, 0, 0, 2, 6, 0, 0, 0, 0, 0, 0, 0, 0, 0, 0, 3, 0, 0, 0, 0, 0, 0, 0, 0, 7, 0, 0, 0, 0, 0, 0, 0, 0, 0, 0, 5, 0, 0, 6, 0]
Fitness = (19.367428712781088, -0.010254094049715883, 0.4950931204411457, 0.0574815395324486)
Allocation:
[4, 4, 5, 1, 7, 0, 0, 0, 0, 0, 0, 1, 0, 3, 0, 0, 0, 0, 0, 3, 13, 0, 0, 0, 0, 1, 0, 0, 0, 0, 0, 5, 0, 0, 0, 0, 0, 0, 0, 0, 7, 0, 0, 0, 0, 0, 0, 0, 0, 0, 0, 5, 0, 0, 6, 0]
Fitness = (18.387958160563983, -0.010440546974770403, 0.4950931204411457, 0.0574932001823375)
Allocation:
[2, 1, 5, 3, 7, 0, 0, 0, 0, 0, 0, 0, 0, 3, 0, 0, 0, 0, 0, 2, 13, 0, 0, 0, 0, 4, 0, 1, 0, 0, 0, 3, 0, 0, 0, 0, 0, 0, 0, 0, 7, 0, 0, 0, 0, 0, 0, 0, 0, 0, 0, 5, 0, 0, 6, 0]
Fitness = (19.162318787359364, -0.01070401362020658, 0.4950931204411457, 0.0574932001823375)
Allocation:
[1, 4, 5, 1, 7, 0, 0, 3, 0, 0, 0, 0, 0, 3, 0, 0, 0, 0, 0, 0, 13, 0, 0, 0, 0, 6, 0, 0, 0, 0, 0, 2, 2, 0, 0, 0, 0, 0, 0, 0, 7, 0, 0, 0, 0, 0, 0, 0, 0, 0, 0, 5, 0, 0, 6, 0]
Fitness = (14.60556436526642, -0.009604745056764317, 0.4921298858256668, 0.057563072995139)
Allocation:
[0, 0, 3, 0, 7, 0, 0, 0, 0, 0, 0, 0, 0, 3, 0, 0, 0, 0, 0, 0, 13, 0, 0, 0, 0, 0, 0, 1, 0, 0, 0, 3, 0, 0, 0, 0, 0, 0, 0, 0, 7, 0, 0, 0, 0, 0, 0, 0, 0, 0, 0, 5, 0, 0, 6, 0]
Fitness = (16.47033244491452, -0.010156117878586475, 0.4921298858256668, 0.057563072995139)
Allocation:
[0, 0, 5, 3, 7, 0, 0, 0, 0, 0, 0, 0, 0, 3, 0, 0, 0, 0, 0, 0, 13, 0, 0, 0, 0, 0, 0, 1, 0, 0, 0, 3, 0, 0, 0, 0, 0, 0, 0, 0, 7, 0, 0, 0, 0, 0, 0, 0, 0, 0, 0, 7, 0, 0, 6, 0]
Fitness = (15.994107119957725, -0.009950149357330264, 0.4921298858256668, 0.0575020500876935)
Allocation:
[5, 0, 4, 0, 7, 0, 0, 0, 0, 0, 0, 0, 0, 3, 0, 0, 0, 0, 0, 0, 13, 0, 0, 0, 0, 0, 0, 1, 0, 0, 0, 1, 1, 0, 0, 0, 0, 0, 0, 0, 7, 0, 0, 0, 0, 0, 0, 0, 0, 0, 0, 5, 0, 0, 6, 0]
Fitness = (18.387958160563983, -0.010440546974770403, 0.4950931204411457, 0.0574932001823375)
Allocation:
[2, 1, 5, 3, 7, 0, 0, 0, 0, 0, 0, 0, 0, 3, 0, 0, 0, 0, 0, 2, 13, 0, 0, 0, 0, 4, 0, 1, 0, 0, 0, 3, 0, 0, 0, 0, 0, 0, 0, 0, 7, 0, 0, 0, 0, 0, 0, 0, 0, 0, 0, 5, 0, 0, 6, 0]
Fitness = (18.20602839079075, -0.010217089239506724, 0.4950931204411457, 0.0574932001823375)
Allocation:
[4, 4, 2, 1, 7, 0, 0, 0, 0, 0, 0, 0, 0, 3, 0, 0, 0, 0, 0, 3, 13, 0, 0, 0, 0, 1, 0, 0, 0, 0, 0, 5, 0, 0, 0, 0, 0, 0, 0, 0, 7, 0, 0, 0, 0, 0, 0, 0, 0, 0, 0, 5, 0, 0, 6, 0]
Fitness = (12.850534450395063, -0.009419279614885631, 0.4950931204411457, 0.0574932001823375)
Allocation:
[8, 0, 0, 0, 7, 0, 0, 0, 0, 0, 0, 0, 0, 2, 0, 0, 0, 0, 0, 0, 1, 0, 0, 0, 0, 1, 0, 0, 0, 0, 0, 5, 0, 0, 0, 0, 0, 0, 0, 0, 7, 0, 0, 0, 0, 0, 0, 0, 0, 0, 0, 5, 0, 0, 6, 0]
Fitness = (18.387958160563983, -0.010440546974770403, 0.4950931204411457, 0.0574932001823375)
Allocation:
[2, 1, 5, 3, 7, 0, 0, 0, 0, 0, 0, 0, 0, 3, 0, 0, 0, 0, 0, 2, 13, 0, 0, 0, 0, 4, 0, 1, 0, 0, 0, 3, 0, 0, 0, 0, 0, 0, 0, 0, 7, 0, 0, 0, 0, 0, 0, 0, 0, 0, 0, 5, 0, 0, 6, 0]
Fitness = (16.346271238163617, -0.009820639728634614, 0.4950931204411457, 0.0574932001823375)
Allocation:
[8, 0, 3, 1, 7, 0, 0, 0, 0, 0, 0, 0, 0, 3, 0, 0, 0, 0, 0, 0, 6, 0, 0, 0, 0, 5, 0, 0, 0, 0, 0, 3, 0, 0, 0, 0, 0, 0, 0, 0, 7, 0, 0, 0, 0, 0, 0, 0, 0, 0, 0, 5, 0, 0, 6, 0]
Fitness = (15.420505837665717, -0.00977623481365501, 0.4921298858256668, 0.0575508639113454)
Allocation:
[0, 3, 3, 0, 7, 0, 0, 0, 0, 0, 0, 0, 0, 3, 0, 0, 0, 0, 0, 0, 13, 0, 0, 0, 0, 0, 0, 1, 0, 0, 0, 3, 0, 0, 0, 0, 0, 0, 0, 0, 7, 0, 0, 0, 0, 0, 0, 0, 0, 0, 0, 5, 0, 0, 6, 0]
Fitness = (19.367428712781088, -0.010254094049715883, 0.4950931204411457, 0.0574815395324486)
Allocation:
[4, 4, 5, 1, 7, 0, 0, 0, 0, 0, 0, 1, 0, 3, 0, 0, 0, 0, 0, 3, 13, 0, 0, 0, 0, 1, 0, 0, 0, 0, 0, 5, 0, 0, 0, 0, 0, 0, 0, 0, 7, 0, 0, 0, 0, 0, 0, 0, 0, 0, 0, 5, 0, 0, 6, 0]
Fitness = (11.597063481283966, -0.00945678830057757, 0.50330853142622, 0.0573121959837064)
Allocation:
[8, 0, 2, 0, 7, 0, 0, 0, 1, 0, 0, 0, 0, 1, 0, 0, 0, 0, 0, 0, 4, 0, 0, 0, 0, 0, 0, 0, 0, 0, 0, 3, 0, 0, 0, 0, 0, 0, 0, 0, 1, 0, 0, 0, 0, 0, 0, 0, 0, 0, 0, 5, 0, 0, 6, 0]
